       2       6            100.0000
       4       6            100.0000
       6       6            100.0000
       8       6            100.0000
      10       6            100.0000
      12       6            100.0000
      14       6            100.0000
      16       6            100.0000
      18       6            100.0000
      20       6            100.0000
      22       6            100.0000
      24       6            100.0000
      26       6            100.0000
      28       6            100.0000
      30       6            100.0000
      32       6            100.0000
      34       6            100.0000
      36       6            100.0000
      38       6            100.0000
      40       6            100.0000
      42       6            100.0000
      44       6            100.0000
      46       6            100.0000
      48       6            100.0000
      50       6            100.0000
      52       6            100.0000
      54       6            100.0000
      56       6            100.0000
      58       6            100.0000
      60       6            100.0000
      62       6            100.0000
      64       6            100.0000
      66       6            100.0000
      68       6            100.0000
      70       6            100.0000
      72       6            100.0000
      74       6            100.0000
      76       6            100.0000
      78       6            100.0000
      80       6            100.0000
      82       6            100.0000
      84       6            100.0000
      86       6            100.0000
      88       6            100.0000
      90       6            100.0000
      92       6            100.0000
      94       6            100.0000
      96       6            100.0000
      98       6            100.0000
     100       6            100.0000
     102       6            100.0000
     104       6            100.0000
     106       6            100.0000
     108       6            100.0000
     110       6            100.0000
     112       6            100.0000
     114       6            100.0000
     116       6            100.0000
     118       6            100.0000
     120       6            100.0000
     122       6            100.0000
     124       6            100.0000
     126       6            100.0000
     128       6            100.0000
     130       6            100.0000
     132       6            100.0000
     134       6            100.0000
     136       6            100.0000
     138       6            100.0000
     140       6            100.0000
     142       6            100.0000
     144       6            100.0000
     146       6            100.0000
     148       6            100.0000
     150       6            100.0000
     152       6            100.0000
     154       6            100.0000
     156       6            100.0000
     158       6            100.0000
     160       6            100.0000
     162       6            100.0000
     164       6            100.0000
     166       6            100.0000
     168       6            100.0000
     170       6            100.0000
     172       6            100.0000
     174       6            100.0000
     176       6            100.0000
     178       6            100.0000
     180       6            100.0000
     182       6            100.0000
     184       6            100.0000
     186       6            100.0000
     188       6            100.0000
     190       6            100.0000
     192       6            100.0000
     194       6            100.0000
     196       6            100.0000
     198       6            100.0000
     200       6            100.0000
     202       6            100.0000
     204       6            100.0000
     206       6            100.0000
     208       6            100.0000
     210       6            100.0000
     212       6            100.0000
     214       6            100.0000
     216       6            100.0000
     218       6            100.0000
     220       6            100.0000
     222       6            100.0000
     224       6            100.0000
     226       6            100.0000
     228       6            100.0000
     230       6            100.0000
     232       6            100.0000
     234       6            100.0000
     236       6            100.0000
     238       6            100.0000
     240       6            100.0000
     242       6            100.0000
     244       6            100.0000
     246       6            100.0000
     248       6            100.0000
     250       6            100.0000
     252       6            100.0000
     254       6            100.0000
     256       6            100.0000
     258       6            100.0000
     260       6            100.0000
     262       6            100.0000
     264       6            100.0000
     266       6            100.0000
     268       6            100.0000
     270       6            100.0000
     272       6            100.0000
     274       6            100.0000
     276       6            100.0000
     278       6            100.0000
     280       6            100.0000
     282       6            100.0000
     284       6            100.0000
     286       6            100.0000
     288       6            100.0000
     290       6            100.0000
     292       6            100.0000
     294       6            100.0000
     296       6            100.0000
     298       6            100.0000
     300       6            100.0000
     302       6            100.0000
     304       6            100.0000
     306       6            100.0000
     308       6            100.0000
     310       6            100.0000
     312       6            100.0000
     314       6            100.0000
     316       6            100.0000
     318       6            100.0000
     320       6            100.0000
     322       6            100.0000
     324       6            100.0000
     326       6            100.0000
     328       6            100.0000
     330       6            100.0000
     332       6            100.0000
     334       6            100.0000
     336       6            100.0000
     338       6            100.0000
     340       6            100.0000
     342       6            100.0000
     344       6            100.0000
     346       6            100.0000
     348       6            100.0000
     350       6            100.0000
     352       6            100.0000
     354       6            100.0000
     356       6            100.0000
     358       6            100.0000
     360       6            100.0000
     362       6            100.0000
     364       6            100.0000
     366       6            100.0000
     368       6            100.0000
     370       6            100.0000
     372       6            100.0000
     374       6            100.0000
     376       6            100.0000
     378       6            100.0000
     380       6            100.0000
     382       6            100.0000
     384       6            100.0000
     386       6            100.0000
     388       6            100.0000
     390       6            100.0000
     392       6            100.0000
     394       6            100.0000
     396       6            100.0000
     398       6            100.0000
     400       6            100.0000
     402       6            100.0000
     404       6            100.0000
     406       6            100.0000
     408       6            100.0000
     410       6            100.0000
     412       6            100.0000
     414       6            100.0000
     416       6            100.0000
     418       6            100.0000
     420       6            100.0000
     422       6            100.0000
     424       6            100.0000
     426       6            100.0000
     428       6            100.0000
     430       6            100.0000
     432       6            100.0000
     434       6            100.0000
     436       6            100.0000
     438       6            100.0000
     440       6            100.0000
     442       6            100.0000
     444       6            100.0000
     446       6            100.0000
     448       6            100.0000
     450       6            100.0000
     452       6            100.0000
     454       6            100.0000
     456       6            100.0000
     458       6            100.0000
     460       6            100.0000
     462       6            100.0000
     464       6            100.0000
     466       6            100.0000
     468       6            100.0000
     470       6            100.0000
     472       6            100.0000
     474       6            100.0000
     476       6            100.0000
     478       6            100.0000
     480       6            100.0000
     482       6            100.0000
     484       6            100.0000
     486       6            100.0000
     488       6            100.0000
     490       6            100.0000
     492       6            100.0000
     494       6            100.0000
     496       6            100.0000
     498       6            100.0000
     500       6            100.0000
     502       6            100.0000
     504       6            100.0000
     506       6            100.0000
     508       6            100.0000
     510       6            100.0000
     512       6            100.0000
     514       6            100.0000
     516       6            100.0000
     518       6            100.0000
     520       6            100.0000
     522       6            100.0000
     524       6            100.0000
     526       6            100.0000
     528       6            100.0000
     530       6            100.0000
     532       6            100.0000
     534       6            100.0000
     536       6            100.0000
     537       3            100.0000
     538       3            100.0000
     539       3            100.0000
     540       3            100.0000
     541       3            100.0000
     542       3            100.0000
     543       3            100.0000
     544       3            100.0000
     545       3            100.0000
     546       3            100.0000
     557       3            100.0000
     558       3            100.0000
     559       3            100.0000
     560       3            100.0000
     561       3            100.0000
     562       3            100.0000
     563       3            100.0000
     564       3            100.0000
     565       3            100.0000
     566       3            100.0000
     577       3            100.0000
     578       3            100.0000
     579       3            100.0000
     580       3            100.0000
     581       3            100.0000
     582       3            100.0000
     583       3            100.0000
     584       3            100.0000
     585       3            100.0000
     586       3            100.0000
     597       3            100.0000
     598       3            100.0000
     599       3            100.0000
     600       3            100.0000
     601       3            100.0000
     602       3            100.0000
     603       3            100.0000
     604       3            100.0000
     605       3            100.0000
     606       3            100.0000
     617       3            100.0000
     618       3            100.0000
     619       3            100.0000
     620       3            100.0000
     621       3            100.0000
     622       3            100.0000
     623       3            100.0000
     624       3            100.0000
     625       3            100.0000
     626       3            100.0000
     637       3            100.0000
     638       3            100.0000
     639       3            100.0000
     640       3            100.0000
     641       3            100.0000
     642       3            100.0000
     643       3            100.0000
     644       3            100.0000
     645       3            100.0000
     646       3            100.0000
     657       3            100.0000
     658       3            100.0000
     659       3            100.0000
     660       3            100.0000
     661       3            100.0000
     662       3            100.0000
     663       3            100.0000
     664       3            100.0000
     665       3            100.0000
     666       3            100.0000
     677       3            100.0000
     678       3            100.0000
     679       3            100.0000
     680       3            100.0000
     681       3            100.0000
     682       3            100.0000
     683       3            100.0000
     684       3            100.0000
     685       3            100.0000
     686       3            100.0000
     697       3            100.0000
     698       3            100.0000
     699       3            100.0000
     700       3            100.0000
     701       3            100.0000
     702       3            100.0000
     703       3            100.0000
     704       3            100.0000
     705       3            100.0000
     706       3            100.0000
     717       3            100.0000
     718       3            100.0000
     719       3            100.0000
     720       3            100.0000
     721       3            100.0000
     722       3            100.0000
     723       3            100.0000
     724       3            100.0000
     725       3            100.0000
     726       3            100.0000
     737       3            100.0000
     738       3            100.0000
     739       3            100.0000
     740       3            100.0000
     741       3            100.0000
     742       3            100.0000
     743       3            100.0000
     744       3            100.0000
     745       3            100.0000
     746       3            100.0000
     757       3            100.0000
     758       3            100.0000
     759       3            100.0000
     760       3            100.0000
     761       3            100.0000
     762       3            100.0000
     763       3            100.0000
     764       3            100.0000
     765       3            100.0000
     766       3            100.0000
     777       3            100.0000
     778       3            100.0000
     779       3            100.0000
     780       3            100.0000
     781       3            100.0000
     782       3            100.0000
     783       3            100.0000
     784       3            100.0000
     785       3            100.0000
     786       3            100.0000
     797       3            100.0000
     798       3            100.0000
     799       3            100.0000
     800       3            100.0000
     801       3            100.0000
     802       3            100.0000
     803       3            100.0000
     804       3            100.0000
     805       3            100.0000
     806       3            100.0000
     817       3            100.0000
     818       3            100.0000
     819       3            100.0000
     820       3            100.0000
     821       3            100.0000
     822       3            100.0000
     823       3            100.0000
     824       3            100.0000
     825       3            100.0000
     826       3            100.0000
     837       3            100.0000
     838       3            100.0000
     839       3            100.0000
     840       3            100.0000
     841       3            100.0000
     842       3            100.0000
     843       3            100.0000
     844       3            100.0000
     845       3            100.0000
     846       3            100.0000
     861       2            100.0000
     862       2            100.0000
     863       2            100.0000
     864       2            100.0000
     869       2            100.0000
     870       2            100.0000
     871       2            100.0000
     872       2            100.0000
     877       2            100.0000
     878       2            100.0000
     879       2            100.0000
     880       2            100.0000
     885       2            100.0000
     886       2            100.0000
     887       2            100.0000
     888       2            100.0000
     893       2            100.0000
     894       2            100.0000
     895       2            100.0000
     896       2            100.0000
     901       2            100.0000
     902       2            100.0000
     903       2            100.0000
     904       2            100.0000
     909       5            100.0000
     910       5            100.0000
     911       5            100.0000
     912       5            100.0000
     917       5            100.0000
     918       5            100.0000
     919       5            100.0000
     920       5            100.0000
     925       5            100.0000
     926       5            100.0000
     927       5            100.0000
     928       5            100.0000
     933       5            100.0000
     934       5            100.0000
     935       5            100.0000
     936       5            100.0000
     941       5            100.0000
     942       5            100.0000
     943       5            100.0000
     944       5            100.0000
     949       5            100.0000
     950       5            100.0000
     951       5            100.0000
     952       5            100.0000
     957       4            100.0000
     958       4            100.0000
     959       4            100.0000
     960       4            100.0000
     965       4            100.0000
     966       4            100.0000
     967       4            100.0000
     968       4            100.0000
     973       4            100.0000
     974       4            100.0000
     975       4            100.0000
     976       4            100.0000
     981       4            100.0000
     982       4            100.0000
     983       4            100.0000
     984       4            100.0000
     989       4            100.0000
     990       4            100.0000
     991       4            100.0000
     992       4            100.0000
     997       4            100.0000
     998       4            100.0000
     999       4            100.0000
    1000       4            100.0000
    1005       3            100.0000
    1006       3            100.0000
    1007       3            100.0000
    1008       3            100.0000
    1013       3            100.0000
    1014       3            100.0000
    1015       3            100.0000
    1016       3            100.0000
    1021       3            100.0000
    1022       3            100.0000
    1023       3            100.0000
    1024       3            100.0000
    1029       3            100.0000
    1030       3            100.0000
    1031       3            100.0000
    1032       3            100.0000
    1037       3            100.0000
    1038       3            100.0000
    1039       3            100.0000
    1040       3            100.0000
    1045       3            100.0000
    1046       3            100.0000
    1047       3            100.0000
    1048       3            100.0000
    1049       2            100.0000
    1050       2            100.0000
    1051       2            100.0000
    1052       2            100.0000
    1053       2            100.0000
    1054       2            100.0000
    1055       2            100.0000
    1056       2            100.0000
    1057       2            100.0000
    1058       2            100.0000
    1069       2            100.0000
    1070       2            100.0000
    1071       2            100.0000
    1072       2            100.0000
    1073       2            100.0000
    1074       2            100.0000
    1075       2            100.0000
    1076       2            100.0000
    1077       2            100.0000
    1078       2            100.0000
    1089       2            100.0000
    1090       2            100.0000
    1091       2            100.0000
    1092       2            100.0000
    1093       2            100.0000
    1094       2            100.0000
    1095       2            100.0000
    1096       2            100.0000
    1097       2            100.0000
    1098       2            100.0000
    1109       2            100.0000
    1110       2            100.0000
    1111       2            100.0000
    1112       2            100.0000
    1113       2            100.0000
    1114       2            100.0000
    1115       2            100.0000
    1116       2            100.0000
    1117       2            100.0000
    1118       2            100.0000
    1129       2            100.0000
    1130       2            100.0000
    1131       2            100.0000
    1132       2            100.0000
    1133       2            100.0000
    1134       2            100.0000
    1135       2            100.0000
    1136       2            100.0000
    1137       2            100.0000
    1138       2            100.0000
    1149       2            100.0000
    1150       2            100.0000
    1151       2            100.0000
    1152       2            100.0000
    1153       2            100.0000
    1154       2            100.0000
    1155       2            100.0000
    1156       2            100.0000
    1157       2            100.0000
    1158       2            100.0000
    1169       2            100.0000
    1170       2            100.0000
    1171       2            100.0000
    1172       2            100.0000
    1173       2            100.0000
    1174       2            100.0000
    1175       2            100.0000
    1176       2            100.0000
    1177       2            100.0000
    1178       2            100.0000
    1189       2            100.0000
    1190       2            100.0000
    1191       2            100.0000
    1192       2            100.0000
    1193       2            100.0000
    1194       2            100.0000
    1195       2            100.0000
    1196       2            100.0000
    1197       2            100.0000
    1198       2            100.0000
    1209       4            100.0000
    1209       5            100.0000
    1210       4            100.0000
    1210       5            100.0000
    1211       4            100.0000
    1211       5            100.0000
    1212       4            100.0000
    1212       5            100.0000
    1213       4            100.0000
    1213       5            100.0000
    1214       4            100.0000
    1214       5            100.0000
    1215       4            100.0000
    1215       5            100.0000
    1216       4            100.0000
    1216       5            100.0000
    1217       4            100.0000
    1218       4            100.0000
    1219       4            100.0000
    1220       4            100.0000
    1221       4            100.0000
    1222       4            100.0000
    1223       4            100.0000
    1224       4            100.0000
    1225       5            100.0000
    1226       5            100.0000
    1227       5            100.0000
    1228       5            100.0000
    1229       5            100.0000
    1230       5            100.0000
    1231       5            100.0000
    1232       5            100.0000
    1241       2            100.0000
    1241       3            100.0000
    1242       2            100.0000
    1242       3            100.0000
    1243       2            100.0000
    1243       3            100.0000
    1244       2            100.0000
    1244       3            100.0000
    1245       2            100.0000
    1245       3            100.0000
    1246       2            100.0000
    1246       3            100.0000
    1247       2            100.0000
    1247       3            100.0000
    1248       2            100.0000
    1248       3            100.0000
    1249       3            100.0000
    1250       3            100.0000
    1251       3            100.0000
    1252       3            100.0000
    1253       3            100.0000
    1254       3            100.0000
    1255       3            100.0000
    1256       3            100.0000
    1257       2            100.0000
    1258       2            100.0000
    1259       2            100.0000
    1260       2            100.0000
    1261       2            100.0000
    1262       2            100.0000
    1263       2            100.0000
    1264       2            100.0000
    1273       2            100.0000
    1274       2            100.0000
    1275       2            100.0000
    1276       2            100.0000
    1277       2            100.0000
    1278       2            100.0000
    1279       2            100.0000
    1280       2            100.0000
    1281       2            100.0000
    1282       2            100.0000
    1293       2            100.0000
    1294       2            100.0000
    1295       2            100.0000
    1296       2            100.0000
    1297       2            100.0000
    1298       2            100.0000
    1299       2            100.0000
    1300       2            100.0000
    1301       2            100.0000
    1302       2            100.0000
    1313       2            100.0000
    1314       2            100.0000
    1315       2            100.0000
    1316       2            100.0000
    1317       2            100.0000
    1318       2            100.0000
    1319       2            100.0000
    1320       2            100.0000
    1321       2            100.0000
    1322       2            100.0000
    1333       2            100.0000
    1334       2            100.0000
    1335       2            100.0000
    1336       2            100.0000
    1337       2            100.0000
    1338       2            100.0000
    1339       2            100.0000
    1340       2            100.0000
    1341       2            100.0000
    1342       2            100.0000
    1353       2            100.0000
    1354       2            100.0000
    1355       2            100.0000
    1356       2            100.0000
    1357       2            100.0000
    1358       2            100.0000
    1359       2            100.0000
    1360       2            100.0000
    1361       2            100.0000
    1362       2            100.0000
    1373       2            100.0000
    1374       2            100.0000
    1375       2            100.0000
    1376       2            100.0000
    1377       2            100.0000
    1378       2            100.0000
    1379       2            100.0000
    1380       2            100.0000
    1381       2            100.0000
    1382       2            100.0000
    1393       2            100.0000
    1394       2            100.0000
    1395       2            100.0000
    1396       2            100.0000
    1397       2            100.0000
    1398       2            100.0000
    1399       2            100.0000
    1400       2            100.0000
    1401       2            100.0000
    1402       2            100.0000
    1413       2            100.0000
    1414       2            100.0000
    1415       2            100.0000
    1416       2            100.0000
    1417       2            100.0000
    1418       2            100.0000
    1419       2            100.0000
    1420       2            100.0000
    1421       2            100.0000
    1422       2            100.0000
