      64       4           1000.0000
      65       4           1000.0000
      66       4           1000.0000
      67       4           1000.0000
      68       4           1000.0000
      69       4           1000.0000
      70       4           1000.0000
      71       4           1000.0000
      72       4           1000.0000
      73       4           1000.0000
      74       4           1000.0000
      75       4           1000.0000
      76       4           1000.0000
      77       4           1000.0000
      78       4           1000.0000
      79       4           1000.0000
      80       4           1000.0000
      81       4           1000.0000
      82       4           1000.0000
      83       4           1000.0000
      84       4           1000.0000
      85       4           1000.0000
      86       4           1000.0000
      87       4           1000.0000
      88       4           1000.0000
      89       4           1000.0000
      90       4           1000.0000
      91       4           1000.0000
      92       4           1000.0000
      93       4           1000.0000
      94       4           1000.0000
      95       4           1000.0000
      96       4           1000.0000
      97       4           1000.0000
      98       4           1000.0000
      99       4           1000.0000
     100       4           1000.0000
     101       4           1000.0000
     102       4           1000.0000
     103       4           1000.0000
     104       4           1000.0000
     105       4           1000.0000
     106       4           1000.0000
     107       4           1000.0000
     108       4           1000.0000
     109       4           1000.0000
     110       4           1000.0000
     111       4           1000.0000
     112       4           1000.0000
     113       4           1000.0000
     114       4           1000.0000
     115       4           1000.0000
     116       4           1000.0000
     117       4           1000.0000
     118       4           1000.0000
     119       4           1000.0000
     120       4           1000.0000
     121       4           1000.0000
     122       4           1000.0000
     123       4           1000.0000
     124       4           1000.0000
     125       4           1000.0000
     126       4           1000.0000
     190       4           1000.0000
     191       4           1000.0000
     192       4           1000.0000
     193       4           1000.0000
     194       4           1000.0000
     195       4           1000.0000
     196       4           1000.0000
     197       4           1000.0000
     198       4           1000.0000
     199       4           1000.0000
     200       4           1000.0000
     201       4           1000.0000
     202       4           1000.0000
     203       4           1000.0000
     204       4           1000.0000
     205       4           1000.0000
     206       4           1000.0000
     207       4           1000.0000
     208       4           1000.0000
     209       4           1000.0000
     210       4           1000.0000
     211       4           1000.0000
     212       4           1000.0000
     213       4           1000.0000
     214       4           1000.0000
     215       4           1000.0000
     216       4           1000.0000
     217       4           1000.0000
     218       4           1000.0000
     219       4           1000.0000
     220       4           1000.0000
     221       4           1000.0000
     222       4           1000.0000
     223       4           1000.0000
     224       4           1000.0000
     225       4           1000.0000
     226       4           1000.0000
     227       4           1000.0000
     228       4           1000.0000
     229       4           1000.0000
     230       4           1000.0000
     231       4           1000.0000
     232       4           1000.0000
     233       4           1000.0000
     234       4           1000.0000
     235       4           1000.0000
     236       4           1000.0000
     237       4           1000.0000
     238       4           1000.0000
     239       4           1000.0000
     240       4           1000.0000
     241       4           1000.0000
     242       4           1000.0000
     243       4           1000.0000
     244       4           1000.0000
     245       4           1000.0000
     246       4           1000.0000
     247       4           1000.0000
     248       4           1000.0000
     249       4           1000.0000
     250       4           1000.0000
     251       4           1000.0000
     252       4           1000.0000
     316       4           1000.0000
     317       4           1000.0000
     318       4           1000.0000
     319       4           1000.0000
     320       4           1000.0000
     321       4           1000.0000
     322       4           1000.0000
     323       4           1000.0000
     324       4           1000.0000
     325       4           1000.0000
     326       4           1000.0000
     327       4           1000.0000
     328       4           1000.0000
     329       4           1000.0000
     330       4           1000.0000
     331       4           1000.0000
     332       4           1000.0000
     333       4           1000.0000
     334       4           1000.0000
     335       4           1000.0000
     336       4           1000.0000
     337       4           1000.0000
     338       4           1000.0000
     339       4           1000.0000
     340       4           1000.0000
     341       4           1000.0000
     342       4           1000.0000
     343       4           1000.0000
     344       4           1000.0000
     345       4           1000.0000
     346       4           1000.0000
     347       4           1000.0000
     348       4           1000.0000
     349       4           1000.0000
     350       4           1000.0000
     351       4           1000.0000
     352       4           1000.0000
     353       4           1000.0000
     354       4           1000.0000
     355       4           1000.0000
     356       4           1000.0000
     357       4           1000.0000
     358       4           1000.0000
     359       4           1000.0000
     360       4           1000.0000
     361       4           1000.0000
     362       4           1000.0000
     363       4           1000.0000
     364       4           1000.0000
     365       4           1000.0000
     366       4           1000.0000
     367       4           1000.0000
     368       4           1000.0000
     369       4           1000.0000
     370       4           1000.0000
     371       4           1000.0000
     372       4           1000.0000
     373       4           1000.0000
     374       4           1000.0000
     375       4           1000.0000
     376       4           1000.0000
     377       4           1000.0000
     378       4           1000.0000
     442       4           1000.0000
     443       4           1000.0000
     444       4           1000.0000
     445       4           1000.0000
     446       4           1000.0000
     447       4           1000.0000
     448       4           1000.0000
     449       4           1000.0000
     450       4           1000.0000
     451       4           1000.0000
     452       4           1000.0000
     453       4           1000.0000
     454       4           1000.0000
     455       4           1000.0000
     456       4           1000.0000
     457       4           1000.0000
     458       4           1000.0000
     459       4           1000.0000
     460       4           1000.0000
     461       4           1000.0000
     462       4           1000.0000
     463       4           1000.0000
     464       4           1000.0000
     465       4           1000.0000
     466       4           1000.0000
     467       4           1000.0000
     468       4           1000.0000
     469       4           1000.0000
     470       4           1000.0000
     471       4           1000.0000
     472       4           1000.0000
     473       4           1000.0000
     474       4           1000.0000
     475       4           1000.0000
     476       4           1000.0000
     477       4           1000.0000
     478       4           1000.0000
     479       4           1000.0000
     480       4           1000.0000
     481       4           1000.0000
     482       4           1000.0000
     483       4           1000.0000
     484       4           1000.0000
     485       4           1000.0000
     486       4           1000.0000
     487       4           1000.0000
     488       4           1000.0000
     489       4           1000.0000
     490       4           1000.0000
     491       4           1000.0000
     492       4           1000.0000
     493       4           1000.0000
     494       4           1000.0000
     495       4           1000.0000
     496       4           1000.0000
     497       4           1000.0000
     498       4           1000.0000
     499       4           1000.0000
     500       4           1000.0000
     501       4           1000.0000
     502       4           1000.0000
     503       4           1000.0000
     504       4           1000.0000
     568       4           1000.0000
     569       4           1000.0000
     570       4           1000.0000
     571       4           1000.0000
     572       4           1000.0000
     573       4           1000.0000
     574       4           1000.0000
     575       4           1000.0000
     576       4           1000.0000
     577       4           1000.0000
     578       4           1000.0000
     579       4           1000.0000
     580       4           1000.0000
     581       4           1000.0000
     582       4           1000.0000
     583       4           1000.0000
     584       4           1000.0000
     585       4           1000.0000
     586       4           1000.0000
     587       4           1000.0000
     588       4           1000.0000
     589       4           1000.0000
     590       4           1000.0000
     591       4           1000.0000
     592       4           1000.0000
     593       4           1000.0000
     594       4           1000.0000
     595       4           1000.0000
     596       4           1000.0000
     597       4           1000.0000
     598       4           1000.0000
     599       4           1000.0000
     600       4           1000.0000
     601       4           1000.0000
     602       4           1000.0000
     603       4           1000.0000
     604       4           1000.0000
     605       4           1000.0000
     606       4           1000.0000
     607       4           1000.0000
     608       4           1000.0000
     609       4           1000.0000
     610       4           1000.0000
     611       4           1000.0000
     612       4           1000.0000
     613       4           1000.0000
     614       4           1000.0000
     615       4           1000.0000
     616       4           1000.0000
     617       4           1000.0000
     618       4           1000.0000
     619       4           1000.0000
     620       4           1000.0000
     621       4           1000.0000
     622       4           1000.0000
     623       4           1000.0000
     624       4           1000.0000
     625       4           1000.0000
     626       4           1000.0000
     627       4           1000.0000
     628       4           1000.0000
     629       4           1000.0000
     630       4           1000.0000
     694       4           1000.0000
     695       4           1000.0000
     696       4           1000.0000
     697       4           1000.0000
     698       4           1000.0000
     699       4           1000.0000
     700       4           1000.0000
     701       4           1000.0000
     702       4           1000.0000
     703       4           1000.0000
     704       4           1000.0000
     705       4           1000.0000
     706       4           1000.0000
     707       4           1000.0000
     708       4           1000.0000
     709       4           1000.0000
     710       4           1000.0000
     711       4           1000.0000
     712       4           1000.0000
     713       4           1000.0000
     714       4           1000.0000
     715       4           1000.0000
     716       4           1000.0000
     717       4           1000.0000
     718       4           1000.0000
     719       4           1000.0000
     720       4           1000.0000
     721       4           1000.0000
     722       4           1000.0000
     723       4           1000.0000
     724       4           1000.0000
     725       4           1000.0000
     726       4           1000.0000
     727       4           1000.0000
     728       4           1000.0000
     729       4           1000.0000
     730       4           1000.0000
     731       4           1000.0000
     732       4           1000.0000
     733       4           1000.0000
     734       4           1000.0000
     735       4           1000.0000
     736       4           1000.0000
     737       4           1000.0000
     738       4           1000.0000
     739       4           1000.0000
     740       4           1000.0000
     741       4           1000.0000
     742       4           1000.0000
     743       4           1000.0000
     744       4           1000.0000
     745       4           1000.0000
     746       4           1000.0000
     747       4           1000.0000
     748       4           1000.0000
     749       4           1000.0000
     750       4           1000.0000
     751       4           1000.0000
     752       4           1000.0000
     753       4           1000.0000
     754       4           1000.0000
     755       4           1000.0000
     756       4           1000.0000
     820       4           1000.0000
     821       4           1000.0000
     822       4           1000.0000
     823       4           1000.0000
     824       4           1000.0000
     825       4           1000.0000
     826       4           1000.0000
     827       4           1000.0000
     828       4           1000.0000
     829       4           1000.0000
     830       4           1000.0000
     831       4           1000.0000
     832       4           1000.0000
     833       4           1000.0000
     834       4           1000.0000
     835       4           1000.0000
     836       4           1000.0000
     837       4           1000.0000
     838       4           1000.0000
     839       4           1000.0000
     840       4           1000.0000
     841       4           1000.0000
     842       4           1000.0000
     843       4           1000.0000
     844       4           1000.0000
     845       4           1000.0000
     846       4           1000.0000
     847       4           1000.0000
     848       4           1000.0000
     849       4           1000.0000
     850       4           1000.0000
     851       4           1000.0000
     852       4           1000.0000
     853       4           1000.0000
     854       4           1000.0000
     855       4           1000.0000
     856       4           1000.0000
     857       4           1000.0000
     858       4           1000.0000
     859       4           1000.0000
     860       4           1000.0000
     861       4           1000.0000
     862       4           1000.0000
     863       4           1000.0000
     864       4           1000.0000
     865       4           1000.0000
     866       4           1000.0000
     867       4           1000.0000
     868       4           1000.0000
     869       4           1000.0000
     870       4           1000.0000
     871       4           1000.0000
     872       4           1000.0000
     873       4           1000.0000
     874       4           1000.0000
     875       4           1000.0000
     876       4           1000.0000
     877       4           1000.0000
     878       4           1000.0000
     879       4           1000.0000
     880       4           1000.0000
     881       4           1000.0000
     882       4           1000.0000
     946       4           1000.0000
     947       4           1000.0000
     948       4           1000.0000
     949       4           1000.0000
     950       4           1000.0000
     951       4           1000.0000
     952       4           1000.0000
     953       4           1000.0000
     954       4           1000.0000
     955       4           1000.0000
     956       4           1000.0000
     957       4           1000.0000
     958       4           1000.0000
     959       4           1000.0000
     960       4           1000.0000
     961       4           1000.0000
     962       4           1000.0000
     963       4           1000.0000
     964       4           1000.0000
     965       4           1000.0000
     966       4           1000.0000
     967       4           1000.0000
     968       4           1000.0000
     969       4           1000.0000
     970       4           1000.0000
     971       4           1000.0000
     972       4           1000.0000
     973       4           1000.0000
     974       4           1000.0000
     975       4           1000.0000
     976       4           1000.0000
     977       4           1000.0000
     978       4           1000.0000
     979       4           1000.0000
     980       4           1000.0000
     981       4           1000.0000
     982       4           1000.0000
     983       4           1000.0000
     984       4           1000.0000
     985       4           1000.0000
     986       4           1000.0000
     987       4           1000.0000
     988       4           1000.0000
     989       4           1000.0000
     990       4           1000.0000
     991       4           1000.0000
     992       4           1000.0000
     993       4           1000.0000
     994       4           1000.0000
     995       4           1000.0000
     996       4           1000.0000
     997       4           1000.0000
     998       4           1000.0000
     999       4           1000.0000
    1000       4           1000.0000
    1001       4           1000.0000
    1002       4           1000.0000
    1003       4           1000.0000
    1004       4           1000.0000
    1005       4           1000.0000
    1006       4           1000.0000
    1007       4           1000.0000
    1008       4           1000.0000
    1072       4           1000.0000
    1073       4           1000.0000
    1074       4           1000.0000
    1075       4           1000.0000
    1076       4           1000.0000
    1077       4           1000.0000
    1078       4           1000.0000
    1079       4           1000.0000
    1080       4           1000.0000
    1081       4           1000.0000
    1082       4           1000.0000
    1083       4           1000.0000
    1084       4           1000.0000
    1085       4           1000.0000
    1086       4           1000.0000
    1087       4           1000.0000
    1088       4           1000.0000
    1089       4           1000.0000
    1090       4           1000.0000
    1091       4           1000.0000
    1092       4           1000.0000
    1093       4           1000.0000
    1094       4           1000.0000
    1095       4           1000.0000
    1096       4           1000.0000
    1097       4           1000.0000
    1098       4           1000.0000
    1099       4           1000.0000
    1100       4           1000.0000
    1101       4           1000.0000
    1102       4           1000.0000
    1103       4           1000.0000
    1104       4           1000.0000
    1105       4           1000.0000
    1106       4           1000.0000
    1107       4           1000.0000
    1108       4           1000.0000
    1109       4           1000.0000
    1110       4           1000.0000
    1111       4           1000.0000
    1112       4           1000.0000
    1113       4           1000.0000
    1114       4           1000.0000
    1115       4           1000.0000
    1116       4           1000.0000
    1117       4           1000.0000
    1118       4           1000.0000
    1119       4           1000.0000
    1120       4           1000.0000
    1121       4           1000.0000
    1122       4           1000.0000
    1123       4           1000.0000
    1124       4           1000.0000
    1125       4           1000.0000
    1126       4           1000.0000
    1127       4           1000.0000
    1128       4           1000.0000
    1129       4           1000.0000
    1130       4           1000.0000
    1131       4           1000.0000
    1132       4           1000.0000
    1133       4           1000.0000
    1134       4           1000.0000
    1198       4           1000.0000
    1199       4           1000.0000
    1200       4           1000.0000
    1201       4           1000.0000
    1202       4           1000.0000
    1203       4           1000.0000
    1204       4           1000.0000
    1205       4           1000.0000
    1206       4           1000.0000
    1207       4           1000.0000
    1208       4           1000.0000
    1209       4           1000.0000
    1210       4           1000.0000
    1211       4           1000.0000
    1212       4           1000.0000
    1213       4           1000.0000
    1214       4           1000.0000
    1215       4           1000.0000
    1216       4           1000.0000
    1217       4           1000.0000
    1218       4           1000.0000
    1219       4           1000.0000
    1220       4           1000.0000
    1221       4           1000.0000
    1222       4           1000.0000
    1223       4           1000.0000
    1224       4           1000.0000
    1225       4           1000.0000
    1226       4           1000.0000
    1227       4           1000.0000
    1228       4           1000.0000
    1229       4           1000.0000
    1230       4           1000.0000
    1231       4           1000.0000
    1232       4           1000.0000
    1233       4           1000.0000
    1234       4           1000.0000
    1235       4           1000.0000
    1236       4           1000.0000
    1237       4           1000.0000
    1238       4           1000.0000
    1239       4           1000.0000
    1240       4           1000.0000
    1241       4           1000.0000
    1242       4           1000.0000
    1243       4           1000.0000
    1244       4           1000.0000
    1245       4           1000.0000
    1246       4           1000.0000
    1247       4           1000.0000
    1248       4           1000.0000
    1249       4           1000.0000
    1250       4           1000.0000
    1251       4           1000.0000
    1252       4           1000.0000
    1253       4           1000.0000
    1254       4           1000.0000
    1255       4           1000.0000
    1256       4           1000.0000
    1257       4           1000.0000
    1258       4           1000.0000
    1259       4           1000.0000
    1260       4           1000.0000
    1324       4           1000.0000
    1325       4           1000.0000
    1326       4           1000.0000
    1327       4           1000.0000
    1328       4           1000.0000
    1329       4           1000.0000
    1330       4           1000.0000
    1331       4           1000.0000
    1332       4           1000.0000
    1333       4           1000.0000
    1334       4           1000.0000
    1335       4           1000.0000
    1336       4           1000.0000
    1337       4           1000.0000
    1338       4           1000.0000
    1339       4           1000.0000
    1340       4           1000.0000
    1341       4           1000.0000
    1342       4           1000.0000
    1343       4           1000.0000
    1344       4           1000.0000
    1345       4           1000.0000
    1346       4           1000.0000
    1347       4           1000.0000
    1348       4           1000.0000
    1349       4           1000.0000
    1350       4           1000.0000
    1351       4           1000.0000
    1352       4           1000.0000
    1353       4           1000.0000
    1354       4           1000.0000
    1355       4           1000.0000
    1356       4           1000.0000
    1357       4           1000.0000
    1358       4           1000.0000
    1359       4           1000.0000
    1360       4           1000.0000
    1361       4           1000.0000
    1362       4           1000.0000
    1363       4           1000.0000
    1364       4           1000.0000
    1365       4           1000.0000
    1366       4           1000.0000
    1367       4           1000.0000
    1368       4           1000.0000
    1369       4           1000.0000
    1370       4           1000.0000
    1371       4           1000.0000
    1372       4           1000.0000
    1373       4           1000.0000
    1374       4           1000.0000
    1375       4           1000.0000
    1376       4           1000.0000
    1377       4           1000.0000
    1378       4           1000.0000
    1379       4           1000.0000
    1380       4           1000.0000
    1381       4           1000.0000
    1382       4           1000.0000
    1383       4           1000.0000
    1384       4           1000.0000
    1385       4           1000.0000
    1386       4           1000.0000
    1450       4           1000.0000
    1451       4           1000.0000
    1452       4           1000.0000
    1453       4           1000.0000
    1454       4           1000.0000
    1455       4           1000.0000
    1456       4           1000.0000
    1457       4           1000.0000
    1458       4           1000.0000
    1459       4           1000.0000
    1460       4           1000.0000
    1461       4           1000.0000
    1462       4           1000.0000
    1463       4           1000.0000
    1464       4           1000.0000
    1465       4           1000.0000
    1466       4           1000.0000
    1467       4           1000.0000
    1468       4           1000.0000
    1469       4           1000.0000
    1470       4           1000.0000
    1471       4           1000.0000
    1472       4           1000.0000
    1473       4           1000.0000
    1474       4           1000.0000
    1475       4           1000.0000
    1476       4           1000.0000
    1477       4           1000.0000
    1478       4           1000.0000
    1479       4           1000.0000
    1480       4           1000.0000
    1481       4           1000.0000
    1482       4           1000.0000
    1483       4           1000.0000
    1484       4           1000.0000
    1485       4           1000.0000
    1486       4           1000.0000
    1487       4           1000.0000
    1488       4           1000.0000
    1489       4           1000.0000
    1490       4           1000.0000
    1491       4           1000.0000
    1492       4           1000.0000
    1493       4           1000.0000
    1494       4           1000.0000
    1495       4           1000.0000
    1496       4           1000.0000
    1497       4           1000.0000
    1498       4           1000.0000
    1499       4           1000.0000
    1500       4           1000.0000
    1501       4           1000.0000
    1502       4           1000.0000
    1503       4           1000.0000
    1504       4           1000.0000
    1505       4           1000.0000
    1506       4           1000.0000
    1507       4           1000.0000
    1508       4           1000.0000
    1509       4           1000.0000
    1510       4           1000.0000
    1511       4           1000.0000
    1512       4           1000.0000
    1576       4           1000.0000
    1577       4           1000.0000
    1578       4           1000.0000
    1579       4           1000.0000
    1580       4           1000.0000
    1581       4           1000.0000
    1582       4           1000.0000
    1583       4           1000.0000
    1584       4           1000.0000
    1585       4           1000.0000
    1586       4           1000.0000
    1587       4           1000.0000
    1588       4           1000.0000
    1589       4           1000.0000
    1590       4           1000.0000
    1591       4           1000.0000
    1592       4           1000.0000
    1593       4           1000.0000
    1594       4           1000.0000
    1595       4           1000.0000
    1596       4           1000.0000
    1597       4           1000.0000
    1598       4           1000.0000
    1599       4           1000.0000
    1600       4           1000.0000
    1601       4           1000.0000
    1602       4           1000.0000
    1603       4           1000.0000
    1604       4           1000.0000
    1605       4           1000.0000
    1606       4           1000.0000
    1607       4           1000.0000
    1608       4           1000.0000
    1609       4           1000.0000
    1610       4           1000.0000
    1611       4           1000.0000
    1612       4           1000.0000
    1613       4           1000.0000
    1614       4           1000.0000
    1615       4           1000.0000
    1616       4           1000.0000
    1617       4           1000.0000
    1618       4           1000.0000
    1619       4           1000.0000
    1620       4           1000.0000
    1621       4           1000.0000
    1622       4           1000.0000
    1623       4           1000.0000
    1624       4           1000.0000
    1625       4           1000.0000
    1626       4           1000.0000
    1627       4           1000.0000
    1628       4           1000.0000
    1629       4           1000.0000
    1630       4           1000.0000
    1631       4           1000.0000
    1632       4           1000.0000
    1633       4           1000.0000
    1634       4           1000.0000
    1635       4           1000.0000
    1636       4           1000.0000
    1637       4           1000.0000
    1638       4           1000.0000
    1702       4           1000.0000
    1703       4           1000.0000
    1704       4           1000.0000
    1705       4           1000.0000
    1706       4           1000.0000
    1707       4           1000.0000
    1708       4           1000.0000
    1709       4           1000.0000
    1710       4           1000.0000
    1711       4           1000.0000
    1712       4           1000.0000
    1713       4           1000.0000
    1714       4           1000.0000
    1715       4           1000.0000
    1716       4           1000.0000
    1717       4           1000.0000
    1718       4           1000.0000
    1719       4           1000.0000
    1720       4           1000.0000
    1721       4           1000.0000
    1722       4           1000.0000
    1723       4           1000.0000
    1724       4           1000.0000
    1725       4           1000.0000
    1726       4           1000.0000
    1727       4           1000.0000
    1728       4           1000.0000
    1729       4           1000.0000
    1730       4           1000.0000
    1731       4           1000.0000
    1732       4           1000.0000
    1733       4           1000.0000
    1734       4           1000.0000
    1735       4           1000.0000
    1736       4           1000.0000
    1737       4           1000.0000
    1738       4           1000.0000
    1739       4           1000.0000
    1740       4           1000.0000
    1741       4           1000.0000
    1742       4           1000.0000
    1743       4           1000.0000
    1744       4           1000.0000
    1745       4           1000.0000
    1746       4           1000.0000
    1747       4           1000.0000
    1748       4           1000.0000
    1749       4           1000.0000
    1750       4           1000.0000
    1751       4           1000.0000
    1752       4           1000.0000
    1753       4           1000.0000
    1754       4           1000.0000
    1755       4           1000.0000
    1756       4           1000.0000
    1757       4           1000.0000
    1758       4           1000.0000
    1759       4           1000.0000
    1760       4           1000.0000
    1761       4           1000.0000
    1762       4           1000.0000
    1763       4           1000.0000
    1764       4           1000.0000
    1828       4           1000.0000
    1829       4           1000.0000
    1830       4           1000.0000
    1831       4           1000.0000
    1832       4           1000.0000
    1833       4           1000.0000
    1834       4           1000.0000
    1835       4           1000.0000
    1836       4           1000.0000
    1837       4           1000.0000
    1838       4           1000.0000
    1839       4           1000.0000
    1840       4           1000.0000
    1841       4           1000.0000
    1842       4           1000.0000
    1843       4           1000.0000
    1844       4           1000.0000
    1845       4           1000.0000
    1846       4           1000.0000
    1847       4           1000.0000
    1848       4           1000.0000
    1849       4           1000.0000
    1850       4           1000.0000
    1851       4           1000.0000
    1852       4           1000.0000
    1853       4           1000.0000
    1854       4           1000.0000
    1855       4           1000.0000
    1856       4           1000.0000
    1857       4           1000.0000
    1858       4           1000.0000
    1859       4           1000.0000
    1860       4           1000.0000
    1861       4           1000.0000
    1862       4           1000.0000
    1863       4           1000.0000
    1864       4           1000.0000
    1865       4           1000.0000
    1866       4           1000.0000
    1867       4           1000.0000
    1868       4           1000.0000
    1869       4           1000.0000
    1870       4           1000.0000
    1871       4           1000.0000
    1872       4           1000.0000
    1873       4           1000.0000
    1874       4           1000.0000
    1875       4           1000.0000
    1876       4           1000.0000
    1877       4           1000.0000
    1878       4           1000.0000
    1879       4           1000.0000
    1880       4           1000.0000
    1881       4           1000.0000
    1882       4           1000.0000
    1883       4           1000.0000
    1884       4           1000.0000
    1885       4           1000.0000
    1886       4           1000.0000
    1887       4           1000.0000
    1888       4           1000.0000
    1889       4           1000.0000
    1890       4           1000.0000
    1954       4           1000.0000
    1955       4           1000.0000
    1956       4           1000.0000
    1957       4           1000.0000
    1958       4           1000.0000
    1959       4           1000.0000
    1960       4           1000.0000
    1961       4           1000.0000
    1962       4           1000.0000
    1963       4           1000.0000
    1964       4           1000.0000
    1965       4           1000.0000
    1966       4           1000.0000
    1967       4           1000.0000
    1968       4           1000.0000
    1969       4           1000.0000
    1970       4           1000.0000
    1971       4           1000.0000
    1972       4           1000.0000
    1973       4           1000.0000
    1974       4           1000.0000
    1975       4           1000.0000
    1976       4           1000.0000
    1977       4           1000.0000
    1978       4           1000.0000
    1979       4           1000.0000
    1980       4           1000.0000
    1981       4           1000.0000
    1982       4           1000.0000
    1983       4           1000.0000
    1984       4           1000.0000
    1985       4           1000.0000
    1986       4           1000.0000
    1987       4           1000.0000
    1988       4           1000.0000
    1989       4           1000.0000
    1990       4           1000.0000
    1991       4           1000.0000
    1992       4           1000.0000
    1993       4           1000.0000
    1994       4           1000.0000
    1995       4           1000.0000
    1996       4           1000.0000
    1997       4           1000.0000
    1998       4           1000.0000
    1999       4           1000.0000
    2000       4           1000.0000
    2001       4           1000.0000
    2002       4           1000.0000
    2003       4           1000.0000
    2004       4           1000.0000
    2005       4           1000.0000
    2006       4           1000.0000
    2007       4           1000.0000
    2008       4           1000.0000
    2009       4           1000.0000
    2010       4           1000.0000
    2011       4           1000.0000
    2012       4           1000.0000
    2013       4           1000.0000
    2014       4           1000.0000
    2015       4           1000.0000
    2016       4           1000.0000
    2080       4           1000.0000
    2081       4           1000.0000
    2082       4           1000.0000
    2083       4           1000.0000
    2084       4           1000.0000
    2085       4           1000.0000
    2086       4           1000.0000
    2087       4           1000.0000
    2088       4           1000.0000
    2089       4           1000.0000
    2090       4           1000.0000
    2091       4           1000.0000
    2092       4           1000.0000
    2093       4           1000.0000
    2094       4           1000.0000
    2095       4           1000.0000
    2096       4           1000.0000
    2097       4           1000.0000
    2098       4           1000.0000
    2099       4           1000.0000
    2100       4           1000.0000
    2101       4           1000.0000
    2102       4           1000.0000
    2103       4           1000.0000
    2104       4           1000.0000
    2105       4           1000.0000
    2106       4           1000.0000
    2107       4           1000.0000
    2108       4           1000.0000
    2109       4           1000.0000
    2110       4           1000.0000
    2111       4           1000.0000
    2112       4           1000.0000
    2113       4           1000.0000
    2114       4           1000.0000
    2115       4           1000.0000
    2116       4           1000.0000
    2117       4           1000.0000
    2118       4           1000.0000
    2119       4           1000.0000
    2120       4           1000.0000
    2121       4           1000.0000
    2122       4           1000.0000
    2123       4           1000.0000
    2124       4           1000.0000
    2125       4           1000.0000
    2126       4           1000.0000
    2127       4           1000.0000
    2128       4           1000.0000
    2129       4           1000.0000
    2130       4           1000.0000
    2131       4           1000.0000
    2132       4           1000.0000
    2133       4           1000.0000
    2134       4           1000.0000
    2135       4           1000.0000
    2136       4           1000.0000
    2137       4           1000.0000
    2138       4           1000.0000
    2139       4           1000.0000
    2140       4           1000.0000
    2141       4           1000.0000
    2142       4           1000.0000
    2206       4           1000.0000
    2207       4           1000.0000
    2208       4           1000.0000
    2209       4           1000.0000
    2210       4           1000.0000
    2211       4           1000.0000
    2212       4           1000.0000
    2213       4           1000.0000
    2214       4           1000.0000
    2215       4           1000.0000
    2216       4           1000.0000
    2217       4           1000.0000
    2218       4           1000.0000
    2219       4           1000.0000
    2220       4           1000.0000
    2221       4           1000.0000
    2222       4           1000.0000
    2223       4           1000.0000
    2224       4           1000.0000
    2225       4           1000.0000
    2226       4           1000.0000
    2227       4           1000.0000
    2228       4           1000.0000
    2229       4           1000.0000
    2230       4           1000.0000
    2231       4           1000.0000
    2232       4           1000.0000
    2233       4           1000.0000
    2234       4           1000.0000
    2235       4           1000.0000
    2236       4           1000.0000
    2237       4           1000.0000
    2238       4           1000.0000
    2239       4           1000.0000
    2240       4           1000.0000
    2241       4           1000.0000
    2242       4           1000.0000
    2243       4           1000.0000
    2244       4           1000.0000
    2245       4           1000.0000
    2246       4           1000.0000
    2247       4           1000.0000
    2248       4           1000.0000
    2249       4           1000.0000
    2250       4           1000.0000
    2251       4           1000.0000
    2252       4           1000.0000
    2253       4           1000.0000
    2254       4           1000.0000
    2255       4           1000.0000
    2256       4           1000.0000
    2257       4           1000.0000
    2258       4           1000.0000
    2259       4           1000.0000
    2260       4           1000.0000
    2261       4           1000.0000
    2262       4           1000.0000
    2263       4           1000.0000
    2264       4           1000.0000
    2265       4           1000.0000
    2266       4           1000.0000
    2267       4           1000.0000
    2268       4           1000.0000
    2332       4           1000.0000
    2333       4           1000.0000
    2334       4           1000.0000
    2335       4           1000.0000
    2336       4           1000.0000
    2337       4           1000.0000
    2338       4           1000.0000
    2339       4           1000.0000
    2340       4           1000.0000
    2341       4           1000.0000
    2342       4           1000.0000
    2343       4           1000.0000
    2344       4           1000.0000
    2345       4           1000.0000
    2346       4           1000.0000
    2347       4           1000.0000
    2348       4           1000.0000
    2349       4           1000.0000
    2350       4           1000.0000
    2351       4           1000.0000
    2352       4           1000.0000
    2353       4           1000.0000
    2354       4           1000.0000
    2355       4           1000.0000
    2356       4           1000.0000
    2357       4           1000.0000
    2358       4           1000.0000
    2359       4           1000.0000
    2360       4           1000.0000
    2361       4           1000.0000
    2362       4           1000.0000
    2363       4           1000.0000
    2364       4           1000.0000
    2365       4           1000.0000
    2366       4           1000.0000
    2367       4           1000.0000
    2368       4           1000.0000
    2369       4           1000.0000
    2370       4           1000.0000
    2371       4           1000.0000
    2372       4           1000.0000
    2373       4           1000.0000
    2374       4           1000.0000
    2375       4           1000.0000
    2376       4           1000.0000
    2377       4           1000.0000
    2378       4           1000.0000
    2379       4           1000.0000
    2380       4           1000.0000
    2381       4           1000.0000
    2382       4           1000.0000
    2383       4           1000.0000
    2384       4           1000.0000
    2385       4           1000.0000
    2386       4           1000.0000
    2387       4           1000.0000
    2388       4           1000.0000
    2389       4           1000.0000
    2390       4           1000.0000
    2391       4           1000.0000
    2392       4           1000.0000
    2393       4           1000.0000
    2394       4           1000.0000
    2458       4           1000.0000
    2459       4           1000.0000
    2460       4           1000.0000
    2461       4           1000.0000
    2462       4           1000.0000
    2463       4           1000.0000
    2464       4           1000.0000
    2465       4           1000.0000
    2466       4           1000.0000
    2467       4           1000.0000
    2468       4           1000.0000
    2469       4           1000.0000
    2470       4           1000.0000
    2471       4           1000.0000
    2472       4           1000.0000
    2473       4           1000.0000
    2474       4           1000.0000
    2475       4           1000.0000
    2476       4           1000.0000
    2477       4           1000.0000
    2478       4           1000.0000
    2479       4           1000.0000
    2480       4           1000.0000
    2481       4           1000.0000
    2482       4           1000.0000
    2483       4           1000.0000
    2484       4           1000.0000
    2485       4           1000.0000
    2486       4           1000.0000
    2487       4           1000.0000
    2488       4           1000.0000
    2489       4           1000.0000
    2490       4           1000.0000
    2491       4           1000.0000
    2492       4           1000.0000
    2493       4           1000.0000
    2494       4           1000.0000
    2495       4           1000.0000
    2496       4           1000.0000
    2497       4           1000.0000
    2498       4           1000.0000
    2499       4           1000.0000
    2500       4           1000.0000
    2501       4           1000.0000
    2502       4           1000.0000
    2503       4           1000.0000
    2504       4           1000.0000
    2505       4           1000.0000
    2506       4           1000.0000
    2507       4           1000.0000
    2508       4           1000.0000
    2509       4           1000.0000
    2510       4           1000.0000
    2511       4           1000.0000
    2512       4           1000.0000
    2513       4           1000.0000
    2514       4           1000.0000
    2515       4           1000.0000
    2516       4           1000.0000
    2517       4           1000.0000
    2518       4           1000.0000
    2519       4           1000.0000
    2520       4           1000.0000
    2584       4           1000.0000
    2585       4           1000.0000
    2586       4           1000.0000
    2587       4           1000.0000
    2588       4           1000.0000
    2589       4           1000.0000
    2590       4           1000.0000
    2591       4           1000.0000
    2592       4           1000.0000
    2593       4           1000.0000
    2594       4           1000.0000
    2595       4           1000.0000
    2596       4           1000.0000
    2597       4           1000.0000
    2598       4           1000.0000
    2599       4           1000.0000
    2600       4           1000.0000
    2601       4           1000.0000
    2602       4           1000.0000
    2603       4           1000.0000
    2604       4           1000.0000
    2605       4           1000.0000
    2606       4           1000.0000
    2607       4           1000.0000
    2608       4           1000.0000
    2609       4           1000.0000
    2610       4           1000.0000
    2611       4           1000.0000
    2612       4           1000.0000
    2613       4           1000.0000
    2614       4           1000.0000
    2615       4           1000.0000
    2616       4           1000.0000
    2617       4           1000.0000
    2618       4           1000.0000
    2619       4           1000.0000
    2620       4           1000.0000
    2621       4           1000.0000
    2622       4           1000.0000
    2623       4           1000.0000
    2624       4           1000.0000
    2625       4           1000.0000
    2626       4           1000.0000
    2627       4           1000.0000
    2628       4           1000.0000
    2629       4           1000.0000
    2630       4           1000.0000
    2631       4           1000.0000
    2632       4           1000.0000
    2633       4           1000.0000
    2634       4           1000.0000
    2635       4           1000.0000
    2636       4           1000.0000
    2637       4           1000.0000
    2638       4           1000.0000
    2639       4           1000.0000
    2640       4           1000.0000
    2641       4           1000.0000
    2642       4           1000.0000
    2643       4           1000.0000
    2644       4           1000.0000
    2645       4           1000.0000
    2646       4           1000.0000
    2710       4           1000.0000
    2711       4           1000.0000
    2712       4           1000.0000
    2713       4           1000.0000
    2714       4           1000.0000
    2715       4           1000.0000
    2716       4           1000.0000
    2717       4           1000.0000
    2718       4           1000.0000
    2719       4           1000.0000
    2720       4           1000.0000
    2721       4           1000.0000
    2722       4           1000.0000
    2723       4           1000.0000
    2724       4           1000.0000
    2725       4           1000.0000
    2726       4           1000.0000
    2727       4           1000.0000
    2728       4           1000.0000
    2729       4           1000.0000
    2730       4           1000.0000
    2731       4           1000.0000
    2732       4           1000.0000
    2733       4           1000.0000
    2734       4           1000.0000
    2735       4           1000.0000
    2736       4           1000.0000
    2737       4           1000.0000
    2738       4           1000.0000
    2739       4           1000.0000
    2740       4           1000.0000
    2741       4           1000.0000
    2742       4           1000.0000
    2743       4           1000.0000
    2744       4           1000.0000
    2745       4           1000.0000
    2746       4           1000.0000
    2747       4           1000.0000
    2748       4           1000.0000
    2749       4           1000.0000
    2750       4           1000.0000
    2751       4           1000.0000
    2752       4           1000.0000
    2753       4           1000.0000
    2754       4           1000.0000
    2755       4           1000.0000
    2756       4           1000.0000
    2757       4           1000.0000
    2758       4           1000.0000
    2759       4           1000.0000
    2760       4           1000.0000
    2761       4           1000.0000
    2762       4           1000.0000
    2763       4           1000.0000
    2764       4           1000.0000
    2765       4           1000.0000
    2766       4           1000.0000
    2767       4           1000.0000
    2768       4           1000.0000
    2769       4           1000.0000
    2770       4           1000.0000
    2771       4           1000.0000
    2772       4           1000.0000
    2836       4           1000.0000
    2837       4           1000.0000
    2838       4           1000.0000
    2839       4           1000.0000
    2840       4           1000.0000
    2841       4           1000.0000
    2842       4           1000.0000
    2843       4           1000.0000
    2844       4           1000.0000
    2845       4           1000.0000
    2846       4           1000.0000
    2847       4           1000.0000
    2848       4           1000.0000
    2849       4           1000.0000
    2850       4           1000.0000
    2851       4           1000.0000
    2852       4           1000.0000
    2853       4           1000.0000
    2854       4           1000.0000
    2855       4           1000.0000
    2856       4           1000.0000
    2857       4           1000.0000
    2858       4           1000.0000
    2859       4           1000.0000
    2860       4           1000.0000
    2861       4           1000.0000
    2862       4           1000.0000
    2863       4           1000.0000
    2864       4           1000.0000
    2865       4           1000.0000
    2866       4           1000.0000
    2867       4           1000.0000
    2868       4           1000.0000
    2869       4           1000.0000
    2870       4           1000.0000
    2871       4           1000.0000
    2872       4           1000.0000
    2873       4           1000.0000
    2874       4           1000.0000
    2875       4           1000.0000
    2876       4           1000.0000
    2877       4           1000.0000
    2878       4           1000.0000
    2879       4           1000.0000
    2880       4           1000.0000
    2881       4           1000.0000
    2882       4           1000.0000
    2883       4           1000.0000
    2884       4           1000.0000
    2885       4           1000.0000
    2886       4           1000.0000
    2887       4           1000.0000
    2888       4           1000.0000
    2889       4           1000.0000
    2890       4           1000.0000
    2891       4           1000.0000
    2892       4           1000.0000
    2893       4           1000.0000
    2894       4           1000.0000
    2895       4           1000.0000
    2896       4           1000.0000
    2897       4           1000.0000
    2898       4           1000.0000
    2962       4           1000.0000
    2963       4           1000.0000
    2964       4           1000.0000
    2965       4           1000.0000
    2966       4           1000.0000
    2967       4           1000.0000
    2968       4           1000.0000
    2969       4           1000.0000
    2970       4           1000.0000
    2971       4           1000.0000
    2972       4           1000.0000
    2973       4           1000.0000
    2974       4           1000.0000
    2975       4           1000.0000
    2976       4           1000.0000
    2977       4           1000.0000
    2978       4           1000.0000
    2979       4           1000.0000
    2980       4           1000.0000
    2981       4           1000.0000
    2982       4           1000.0000
    2983       4           1000.0000
    2984       4           1000.0000
    2985       4           1000.0000
    2986       4           1000.0000
    2987       4           1000.0000
    2988       4           1000.0000
    2989       4           1000.0000
    2990       4           1000.0000
    2991       4           1000.0000
    2992       4           1000.0000
    2993       4           1000.0000
    2994       4           1000.0000
    2995       4           1000.0000
    2996       4           1000.0000
    2997       4           1000.0000
    2998       4           1000.0000
    2999       4           1000.0000
    3000       4           1000.0000
    3001       4           1000.0000
    3002       4           1000.0000
    3003       4           1000.0000
    3004       4           1000.0000
    3005       4           1000.0000
    3006       4           1000.0000
    3007       4           1000.0000
    3008       4           1000.0000
    3009       4           1000.0000
    3010       4           1000.0000
    3011       4           1000.0000
    3012       4           1000.0000
    3013       4           1000.0000
    3014       4           1000.0000
    3015       4           1000.0000
    3016       4           1000.0000
    3017       4           1000.0000
    3018       4           1000.0000
    3019       4           1000.0000
    3020       4           1000.0000
    3021       4           1000.0000
    3022       4           1000.0000
    3023       4           1000.0000
    3024       4           1000.0000
    3088       4           1000.0000
    3089       4           1000.0000
    3090       4           1000.0000
    3091       4           1000.0000
    3092       4           1000.0000
    3093       4           1000.0000
    3094       4           1000.0000
    3095       4           1000.0000
    3096       4           1000.0000
    3097       4           1000.0000
    3098       4           1000.0000
    3099       4           1000.0000
    3100       4           1000.0000
    3101       4           1000.0000
    3102       4           1000.0000
    3103       4           1000.0000
    3104       4           1000.0000
    3105       4           1000.0000
    3106       4           1000.0000
    3107       4           1000.0000
    3108       4           1000.0000
    3109       4           1000.0000
    3110       4           1000.0000
    3111       4           1000.0000
    3112       4           1000.0000
    3113       4           1000.0000
    3114       4           1000.0000
    3115       4           1000.0000
    3116       4           1000.0000
    3117       4           1000.0000
    3118       4           1000.0000
    3119       4           1000.0000
    3120       4           1000.0000
    3121       4           1000.0000
    3122       4           1000.0000
    3123       4           1000.0000
    3124       4           1000.0000
    3125       4           1000.0000
    3126       4           1000.0000
    3127       4           1000.0000
    3128       4           1000.0000
    3129       4           1000.0000
    3130       4           1000.0000
    3131       4           1000.0000
    3132       4           1000.0000
    3133       4           1000.0000
    3134       4           1000.0000
    3135       4           1000.0000
    3136       4           1000.0000
    3137       4           1000.0000
    3138       4           1000.0000
    3139       4           1000.0000
    3140       4           1000.0000
    3141       4           1000.0000
    3142       4           1000.0000
    3143       4           1000.0000
    3144       4           1000.0000
    3145       4           1000.0000
    3146       4           1000.0000
    3147       4           1000.0000
    3148       4           1000.0000
    3149       4           1000.0000
    3150       4           1000.0000
    3214       4           1000.0000
    3215       4           1000.0000
    3216       4           1000.0000
    3217       4           1000.0000
    3218       4           1000.0000
    3219       4           1000.0000
    3220       4           1000.0000
    3221       4           1000.0000
    3222       4           1000.0000
    3223       4           1000.0000
    3224       4           1000.0000
    3225       4           1000.0000
    3226       4           1000.0000
    3227       4           1000.0000
    3228       4           1000.0000
    3229       4           1000.0000
    3230       4           1000.0000
    3231       4           1000.0000
    3232       4           1000.0000
    3233       4           1000.0000
    3234       4           1000.0000
    3235       4           1000.0000
    3236       4           1000.0000
    3237       4           1000.0000
    3238       4           1000.0000
    3239       4           1000.0000
    3240       4           1000.0000
    3241       4           1000.0000
    3242       4           1000.0000
    3243       4           1000.0000
    3244       4           1000.0000
    3245       4           1000.0000
    3246       4           1000.0000
    3247       4           1000.0000
    3248       4           1000.0000
    3249       4           1000.0000
    3250       4           1000.0000
    3251       4           1000.0000
    3252       4           1000.0000
    3253       4           1000.0000
    3254       4           1000.0000
    3255       4           1000.0000
    3256       4           1000.0000
    3257       4           1000.0000
    3258       4           1000.0000
    3259       4           1000.0000
    3260       4           1000.0000
    3261       4           1000.0000
    3262       4           1000.0000
    3263       4           1000.0000
    3264       4           1000.0000
    3265       4           1000.0000
    3266       4           1000.0000
    3267       4           1000.0000
    3268       4           1000.0000
    3269       4           1000.0000
    3270       4           1000.0000
    3271       4           1000.0000
    3272       4           1000.0000
    3273       4           1000.0000
    3274       4           1000.0000
    3275       4           1000.0000
    3276       4           1000.0000
    3340       4           1000.0000
    3341       4           1000.0000
    3342       4           1000.0000
    3343       4           1000.0000
    3344       4           1000.0000
    3345       4           1000.0000
    3346       4           1000.0000
    3347       4           1000.0000
    3348       4           1000.0000
    3349       4           1000.0000
    3350       4           1000.0000
    3351       4           1000.0000
    3352       4           1000.0000
    3353       4           1000.0000
    3354       4           1000.0000
    3355       4           1000.0000
    3356       4           1000.0000
    3357       4           1000.0000
    3358       4           1000.0000
    3359       4           1000.0000
    3360       4           1000.0000
    3361       4           1000.0000
    3362       4           1000.0000
    3363       4           1000.0000
    3364       4           1000.0000
    3365       4           1000.0000
    3366       4           1000.0000
    3367       4           1000.0000
    3368       4           1000.0000
    3369       4           1000.0000
    3370       4           1000.0000
    3371       4           1000.0000
    3372       4           1000.0000
    3373       4           1000.0000
    3374       4           1000.0000
    3375       4           1000.0000
    3376       4           1000.0000
    3377       4           1000.0000
    3378       4           1000.0000
    3379       4           1000.0000
    3380       4           1000.0000
    3381       4           1000.0000
    3382       4           1000.0000
    3383       4           1000.0000
    3384       4           1000.0000
    3385       4           1000.0000
    3386       4           1000.0000
    3387       4           1000.0000
    3388       4           1000.0000
    3389       4           1000.0000
    3390       4           1000.0000
    3391       4           1000.0000
    3392       4           1000.0000
    3393       4           1000.0000
    3394       4           1000.0000
    3395       4           1000.0000
    3396       4           1000.0000
    3397       4           1000.0000
    3398       4           1000.0000
    3399       4           1000.0000
    3400       4           1000.0000
    3401       4           1000.0000
    3402       4           1000.0000
    3466       4           1000.0000
    3467       4           1000.0000
    3468       4           1000.0000
    3469       4           1000.0000
    3470       4           1000.0000
    3471       4           1000.0000
    3472       4           1000.0000
    3473       4           1000.0000
    3474       4           1000.0000
    3475       4           1000.0000
    3476       4           1000.0000
    3477       4           1000.0000
    3478       4           1000.0000
    3479       4           1000.0000
    3480       4           1000.0000
    3481       4           1000.0000
    3482       4           1000.0000
    3483       4           1000.0000
    3484       4           1000.0000
    3485       4           1000.0000
    3486       4           1000.0000
    3487       4           1000.0000
    3488       4           1000.0000
    3489       4           1000.0000
    3490       4           1000.0000
    3491       4           1000.0000
    3492       4           1000.0000
    3493       4           1000.0000
    3494       4           1000.0000
    3495       4           1000.0000
    3496       4           1000.0000
    3497       4           1000.0000
    3498       4           1000.0000
    3499       4           1000.0000
    3500       4           1000.0000
    3501       4           1000.0000
    3502       4           1000.0000
    3503       4           1000.0000
    3504       4           1000.0000
    3505       4           1000.0000
    3506       4           1000.0000
    3507       4           1000.0000
    3508       4           1000.0000
    3509       4           1000.0000
    3510       4           1000.0000
    3511       4           1000.0000
    3512       4           1000.0000
    3513       4           1000.0000
    3514       4           1000.0000
    3515       4           1000.0000
    3516       4           1000.0000
    3517       4           1000.0000
    3518       4           1000.0000
    3519       4           1000.0000
    3520       4           1000.0000
    3521       4           1000.0000
    3522       4           1000.0000
    3523       4           1000.0000
    3524       4           1000.0000
    3525       4           1000.0000
    3526       4           1000.0000
    3527       4           1000.0000
    3528       4           1000.0000
    3592       4           1000.0000
    3593       4           1000.0000
    3594       4           1000.0000
    3595       4           1000.0000
    3596       4           1000.0000
    3597       4           1000.0000
    3598       4           1000.0000
    3599       4           1000.0000
    3600       4           1000.0000
    3601       4           1000.0000
    3602       4           1000.0000
    3603       4           1000.0000
    3604       4           1000.0000
    3605       4           1000.0000
    3606       4           1000.0000
    3607       4           1000.0000
    3608       4           1000.0000
    3609       4           1000.0000
    3610       4           1000.0000
    3611       4           1000.0000
    3612       4           1000.0000
    3613       4           1000.0000
    3614       4           1000.0000
    3615       4           1000.0000
    3616       4           1000.0000
    3617       4           1000.0000
    3618       4           1000.0000
    3619       4           1000.0000
    3620       4           1000.0000
    3621       4           1000.0000
    3622       4           1000.0000
    3623       4           1000.0000
    3624       4           1000.0000
    3625       4           1000.0000
    3626       4           1000.0000
    3627       4           1000.0000
    3628       4           1000.0000
    3629       4           1000.0000
    3630       4           1000.0000
    3631       4           1000.0000
    3632       4           1000.0000
    3633       4           1000.0000
    3634       4           1000.0000
    3635       4           1000.0000
    3636       4           1000.0000
    3637       4           1000.0000
    3638       4           1000.0000
    3639       4           1000.0000
    3640       4           1000.0000
    3641       4           1000.0000
    3642       4           1000.0000
    3643       4           1000.0000
    3644       4           1000.0000
    3645       4           1000.0000
    3646       4           1000.0000
    3647       4           1000.0000
    3648       4           1000.0000
    3649       4           1000.0000
    3650       4           1000.0000
    3651       4           1000.0000
    3652       4           1000.0000
    3653       4           1000.0000
    3654       4           1000.0000
    3718       4           1000.0000
    3719       4           1000.0000
    3720       4           1000.0000
    3721       4           1000.0000
    3722       4           1000.0000
    3723       4           1000.0000
    3724       4           1000.0000
    3725       4           1000.0000
    3726       4           1000.0000
    3727       4           1000.0000
    3728       4           1000.0000
    3729       4           1000.0000
    3730       4           1000.0000
    3731       4           1000.0000
    3732       4           1000.0000
    3733       4           1000.0000
    3734       4           1000.0000
    3735       4           1000.0000
    3736       4           1000.0000
    3737       4           1000.0000
    3738       4           1000.0000
    3739       4           1000.0000
    3740       4           1000.0000
    3741       4           1000.0000
    3742       4           1000.0000
    3743       4           1000.0000
    3744       4           1000.0000
    3745       4           1000.0000
    3746       4           1000.0000
    3747       4           1000.0000
    3748       4           1000.0000
    3749       4           1000.0000
    3750       4           1000.0000
    3751       4           1000.0000
    3752       4           1000.0000
    3753       4           1000.0000
    3754       4           1000.0000
    3755       4           1000.0000
    3756       4           1000.0000
    3757       4           1000.0000
    3758       4           1000.0000
    3759       4           1000.0000
    3760       4           1000.0000
    3761       4           1000.0000
    3762       4           1000.0000
    3763       4           1000.0000
    3764       4           1000.0000
    3765       4           1000.0000
    3766       4           1000.0000
    3767       4           1000.0000
    3768       4           1000.0000
    3769       4           1000.0000
    3770       4           1000.0000
    3771       4           1000.0000
    3772       4           1000.0000
    3773       4           1000.0000
    3774       4           1000.0000
    3775       4           1000.0000
    3776       4           1000.0000
    3777       4           1000.0000
    3778       4           1000.0000
    3779       4           1000.0000
    3780       4           1000.0000
    3844       4           1000.0000
    3845       4           1000.0000
    3846       4           1000.0000
    3847       4           1000.0000
    3848       4           1000.0000
    3849       4           1000.0000
    3850       4           1000.0000
    3851       4           1000.0000
    3852       4           1000.0000
    3853       4           1000.0000
    3854       4           1000.0000
    3855       4           1000.0000
    3856       4           1000.0000
    3857       4           1000.0000
    3858       4           1000.0000
    3859       4           1000.0000
    3860       4           1000.0000
    3861       4           1000.0000
    3862       4           1000.0000
    3863       4           1000.0000
    3864       4           1000.0000
    3865       4           1000.0000
    3866       4           1000.0000
    3867       4           1000.0000
    3868       4           1000.0000
    3869       4           1000.0000
    3870       4           1000.0000
    3871       4           1000.0000
    3872       4           1000.0000
    3873       4           1000.0000
    3874       4           1000.0000
    3875       4           1000.0000
    3876       4           1000.0000
    3877       4           1000.0000
    3878       4           1000.0000
    3879       4           1000.0000
    3880       4           1000.0000
    3881       4           1000.0000
    3882       4           1000.0000
    3883       4           1000.0000
    3884       4           1000.0000
    3885       4           1000.0000
    3886       4           1000.0000
    3887       4           1000.0000
    3888       4           1000.0000
    3889       4           1000.0000
    3890       4           1000.0000
    3891       4           1000.0000
    3892       4           1000.0000
    3893       4           1000.0000
    3894       4           1000.0000
    3895       4           1000.0000
    3896       4           1000.0000
    3897       4           1000.0000
    3898       4           1000.0000
    3899       4           1000.0000
    3900       4           1000.0000
    3901       4           1000.0000
    3902       4           1000.0000
    3903       4           1000.0000
    3904       4           1000.0000
    3905       4           1000.0000
    3906       4           1000.0000
    3970       4           1000.0000
    3971       4           1000.0000
    3972       4           1000.0000
    3973       4           1000.0000
    3974       4           1000.0000
    3975       4           1000.0000
    3976       4           1000.0000
    3977       4           1000.0000
    3978       4           1000.0000
    3979       4           1000.0000
    3980       4           1000.0000
    3981       4           1000.0000
    3982       4           1000.0000
    3983       4           1000.0000
    3984       4           1000.0000
    3985       4           1000.0000
    3986       4           1000.0000
    3987       4           1000.0000
    3988       4           1000.0000
    3989       4           1000.0000
    3990       4           1000.0000
    3991       4           1000.0000
    3992       4           1000.0000
    3993       4           1000.0000
    3994       4           1000.0000
    3995       4           1000.0000
    3996       4           1000.0000
    3997       4           1000.0000
    3998       4           1000.0000
    3999       4           1000.0000
    4000       4           1000.0000
    4001       4           1000.0000
    4002       4           1000.0000
    4003       4           1000.0000
    4004       4           1000.0000
    4005       4           1000.0000
    4006       4           1000.0000
    4007       4           1000.0000
    4008       4           1000.0000
    4009       4           1000.0000
    4010       4           1000.0000
    4011       4           1000.0000
    4012       4           1000.0000
    4013       4           1000.0000
    4014       4           1000.0000
    4015       4           1000.0000
    4016       4           1000.0000
    4017       4           1000.0000
    4018       4           1000.0000
    4019       4           1000.0000
    4020       4           1000.0000
    4021       4           1000.0000
    4022       4           1000.0000
    4023       4           1000.0000
    4024       4           1000.0000
    4025       4           1000.0000
    4026       4           1000.0000
    4027       4           1000.0000
    4028       4           1000.0000
    4029       4           1000.0000
    4030       4           1000.0000
    4031       4           1000.0000
    4032       4           1000.0000
    4096       4           1000.0000
    4097       4           1000.0000
    4098       4           1000.0000
    4099       4           1000.0000
    4100       4           1000.0000
    4101       4           1000.0000
    4102       4           1000.0000
    4103       4           1000.0000
    4104       4           1000.0000
    4105       4           1000.0000
    4106       4           1000.0000
    4107       4           1000.0000
    4108       4           1000.0000
    4109       4           1000.0000
    4110       4           1000.0000
    4111       4           1000.0000
    4112       4           1000.0000
    4113       4           1000.0000
    4114       4           1000.0000
    4115       4           1000.0000
    4116       4           1000.0000
    4117       4           1000.0000
    4118       4           1000.0000
    4119       4           1000.0000
    4120       4           1000.0000
    4121       4           1000.0000
    4122       4           1000.0000
    4123       4           1000.0000
    4124       4           1000.0000
    4125       4           1000.0000
    4126       4           1000.0000
    4127       4           1000.0000
    4128       4           1000.0000
    4129       4           1000.0000
    4130       4           1000.0000
    4131       4           1000.0000
    4132       4           1000.0000
    4133       4           1000.0000
    4134       4           1000.0000
    4135       4           1000.0000
    4136       4           1000.0000
    4137       4           1000.0000
    4138       4           1000.0000
    4139       4           1000.0000
    4140       4           1000.0000
    4141       4           1000.0000
    4142       4           1000.0000
    4143       4           1000.0000
    4144       4           1000.0000
    4145       4           1000.0000
    4146       4           1000.0000
    4147       4           1000.0000
    4148       4           1000.0000
    4149       4           1000.0000
    4150       4           1000.0000
    4151       4           1000.0000
    4152       4           1000.0000
    4153       4           1000.0000
    4154       4           1000.0000
    4155       4           1000.0000
    4156       4           1000.0000
    4157       4           1000.0000
    4158       4           1000.0000
    4222       4           1000.0000
    4223       4           1000.0000
    4224       4           1000.0000
    4225       4           1000.0000
    4226       4           1000.0000
    4227       4           1000.0000
    4228       4           1000.0000
    4229       4           1000.0000
    4230       4           1000.0000
    4231       4           1000.0000
    4232       4           1000.0000
    4233       4           1000.0000
    4234       4           1000.0000
    4235       4           1000.0000
    4236       4           1000.0000
    4237       4           1000.0000
    4238       4           1000.0000
    4239       4           1000.0000
    4240       4           1000.0000
    4241       4           1000.0000
    4242       4           1000.0000
    4243       4           1000.0000
    4244       4           1000.0000
    4245       4           1000.0000
    4246       4           1000.0000
    4247       4           1000.0000
    4248       4           1000.0000
    4249       4           1000.0000
    4250       4           1000.0000
    4251       4           1000.0000
    4252       4           1000.0000
    4253       4           1000.0000
    4254       4           1000.0000
    4255       4           1000.0000
    4256       4           1000.0000
    4257       4           1000.0000
    4258       4           1000.0000
    4259       4           1000.0000
    4260       4           1000.0000
    4261       4           1000.0000
    4262       4           1000.0000
    4263       4           1000.0000
    4264       4           1000.0000
    4265       4           1000.0000
    4266       4           1000.0000
    4267       4           1000.0000
    4268       4           1000.0000
    4269       4           1000.0000
    4270       4           1000.0000
    4271       4           1000.0000
    4272       4           1000.0000
    4273       4           1000.0000
    4274       4           1000.0000
    4275       4           1000.0000
    4276       4           1000.0000
    4277       4           1000.0000
    4278       4           1000.0000
    4279       4           1000.0000
    4280       4           1000.0000
    4281       4           1000.0000
    4282       4           1000.0000
    4283       4           1000.0000
    4284       4           1000.0000
    4348       4           1000.0000
    4349       4           1000.0000
    4350       4           1000.0000
    4351       4           1000.0000
    4352       4           1000.0000
    4353       4           1000.0000
    4354       4           1000.0000
    4355       4           1000.0000
    4356       4           1000.0000
    4357       4           1000.0000
    4358       4           1000.0000
    4359       4           1000.0000
    4360       4           1000.0000
    4361       4           1000.0000
    4362       4           1000.0000
    4363       4           1000.0000
    4364       4           1000.0000
    4365       4           1000.0000
    4366       4           1000.0000
    4367       4           1000.0000
    4368       4           1000.0000
    4369       4           1000.0000
    4370       4           1000.0000
    4371       4           1000.0000
    4372       4           1000.0000
    4373       4           1000.0000
    4374       4           1000.0000
    4375       4           1000.0000
    4376       4           1000.0000
    4377       4           1000.0000
    4378       4           1000.0000
    4379       4           1000.0000
    4380       4           1000.0000
    4381       4           1000.0000
    4382       4           1000.0000
    4383       4           1000.0000
    4384       4           1000.0000
    4385       4           1000.0000
    4386       4           1000.0000
    4387       4           1000.0000
    4388       4           1000.0000
    4389       4           1000.0000
    4390       4           1000.0000
    4391       4           1000.0000
    4392       4           1000.0000
    4393       4           1000.0000
    4394       4           1000.0000
    4395       4           1000.0000
    4396       4           1000.0000
    4397       4           1000.0000
    4398       4           1000.0000
    4399       4           1000.0000
    4400       4           1000.0000
    4401       4           1000.0000
    4402       4           1000.0000
    4403       4           1000.0000
    4404       4           1000.0000
    4405       4           1000.0000
    4406       4           1000.0000
    4407       4           1000.0000
    4408       4           1000.0000
    4409       4           1000.0000
    4410       4           1000.0000
    4474       4           1000.0000
    4475       4           1000.0000
    4476       4           1000.0000
    4477       4           1000.0000
    4478       4           1000.0000
    4479       4           1000.0000
    4480       4           1000.0000
    4481       4           1000.0000
    4482       4           1000.0000
    4483       4           1000.0000
    4484       4           1000.0000
    4485       4           1000.0000
    4486       4           1000.0000
    4487       4           1000.0000
    4488       4           1000.0000
    4489       4           1000.0000
    4490       4           1000.0000
    4491       4           1000.0000
    4492       4           1000.0000
    4493       4           1000.0000
    4494       4           1000.0000
    4495       4           1000.0000
    4496       4           1000.0000
    4497       4           1000.0000
    4498       4           1000.0000
    4499       4           1000.0000
    4500       4           1000.0000
    4501       4           1000.0000
    4502       4           1000.0000
    4503       4           1000.0000
    4504       4           1000.0000
    4505       4           1000.0000
    4506       4           1000.0000
    4507       4           1000.0000
    4508       4           1000.0000
    4509       4           1000.0000
    4510       4           1000.0000
    4511       4           1000.0000
    4512       4           1000.0000
    4513       4           1000.0000
    4514       4           1000.0000
    4515       4           1000.0000
    4516       4           1000.0000
    4517       4           1000.0000
    4518       4           1000.0000
    4519       4           1000.0000
    4520       4           1000.0000
    4521       4           1000.0000
    4522       4           1000.0000
    4523       4           1000.0000
    4524       4           1000.0000
    4525       4           1000.0000
    4526       4           1000.0000
    4527       4           1000.0000
    4528       4           1000.0000
    4529       4           1000.0000
    4530       4           1000.0000
    4531       4           1000.0000
    4532       4           1000.0000
    4533       4           1000.0000
    4534       4           1000.0000
    4535       4           1000.0000
    4536       4           1000.0000
    4600       4           1000.0000
    4601       4           1000.0000
    4602       4           1000.0000
    4603       4           1000.0000
    4604       4           1000.0000
    4605       4           1000.0000
    4606       4           1000.0000
    4607       4           1000.0000
    4608       4           1000.0000
    4609       4           1000.0000
    4610       4           1000.0000
    4611       4           1000.0000
    4612       4           1000.0000
    4613       4           1000.0000
    4614       4           1000.0000
    4615       4           1000.0000
    4616       4           1000.0000
    4617       4           1000.0000
    4618       4           1000.0000
    4619       4           1000.0000
    4620       4           1000.0000
    4621       4           1000.0000
    4622       4           1000.0000
    4623       4           1000.0000
    4624       4           1000.0000
    4625       4           1000.0000
    4626       4           1000.0000
    4627       4           1000.0000
    4628       4           1000.0000
    4629       4           1000.0000
    4630       4           1000.0000
    4631       4           1000.0000
    4632       4           1000.0000
    4633       4           1000.0000
    4634       4           1000.0000
    4635       4           1000.0000
    4636       4           1000.0000
    4637       4           1000.0000
    4638       4           1000.0000
    4639       4           1000.0000
    4640       4           1000.0000
    4641       4           1000.0000
    4642       4           1000.0000
    4643       4           1000.0000
    4644       4           1000.0000
    4645       4           1000.0000
    4646       4           1000.0000
    4647       4           1000.0000
    4648       4           1000.0000
    4649       4           1000.0000
    4650       4           1000.0000
    4651       4           1000.0000
    4652       4           1000.0000
    4653       4           1000.0000
    4654       4           1000.0000
    4655       4           1000.0000
    4656       4           1000.0000
    4657       4           1000.0000
    4658       4           1000.0000
    4659       4           1000.0000
    4660       4           1000.0000
    4661       4           1000.0000
    4662       4           1000.0000
    4726       4           1000.0000
    4727       4           1000.0000
    4728       4           1000.0000
    4729       4           1000.0000
    4730       4           1000.0000
    4731       4           1000.0000
    4732       4           1000.0000
    4733       4           1000.0000
    4734       4           1000.0000
    4735       4           1000.0000
    4736       4           1000.0000
    4737       4           1000.0000
    4738       4           1000.0000
    4739       4           1000.0000
    4740       4           1000.0000
    4741       4           1000.0000
    4742       4           1000.0000
    4743       4           1000.0000
    4744       4           1000.0000
    4745       4           1000.0000
    4746       4           1000.0000
    4747       4           1000.0000
    4748       4           1000.0000
    4749       4           1000.0000
    4750       4           1000.0000
    4751       4           1000.0000
    4752       4           1000.0000
    4753       4           1000.0000
    4754       4           1000.0000
    4755       4           1000.0000
    4756       4           1000.0000
    4757       4           1000.0000
    4758       4           1000.0000
    4759       4           1000.0000
    4760       4           1000.0000
    4761       4           1000.0000
    4762       4           1000.0000
    4763       4           1000.0000
    4764       4           1000.0000
    4765       4           1000.0000
    4766       4           1000.0000
    4767       4           1000.0000
    4768       4           1000.0000
    4769       4           1000.0000
    4770       4           1000.0000
    4771       4           1000.0000
    4772       4           1000.0000
    4773       4           1000.0000
    4774       4           1000.0000
    4775       4           1000.0000
    4776       4           1000.0000
    4777       4           1000.0000
    4778       4           1000.0000
    4779       4           1000.0000
    4780       4           1000.0000
    4781       4           1000.0000
    4782       4           1000.0000
    4783       4           1000.0000
    4784       4           1000.0000
    4785       4           1000.0000
    4786       4           1000.0000
    4787       4           1000.0000
    4788       4           1000.0000
    4852       4           1000.0000
    4853       4           1000.0000
    4854       4           1000.0000
    4855       4           1000.0000
    4856       4           1000.0000
    4857       4           1000.0000
    4858       4           1000.0000
    4859       4           1000.0000
    4860       4           1000.0000
    4861       4           1000.0000
    4862       4           1000.0000
    4863       4           1000.0000
    4864       4           1000.0000
    4865       4           1000.0000
    4866       4           1000.0000
    4867       4           1000.0000
    4868       4           1000.0000
    4869       4           1000.0000
    4870       4           1000.0000
    4871       4           1000.0000
    4872       4           1000.0000
    4873       4           1000.0000
    4874       4           1000.0000
    4875       4           1000.0000
    4876       4           1000.0000
    4877       4           1000.0000
    4878       4           1000.0000
    4879       4           1000.0000
    4880       4           1000.0000
    4881       4           1000.0000
    4882       4           1000.0000
    4883       4           1000.0000
    4884       4           1000.0000
    4885       4           1000.0000
    4886       4           1000.0000
    4887       4           1000.0000
    4888       4           1000.0000
    4889       4           1000.0000
    4890       4           1000.0000
    4891       4           1000.0000
    4892       4           1000.0000
    4893       4           1000.0000
    4894       4           1000.0000
    4895       4           1000.0000
    4896       4           1000.0000
    4897       4           1000.0000
    4898       4           1000.0000
    4899       4           1000.0000
    4900       4           1000.0000
    4901       4           1000.0000
    4902       4           1000.0000
    4903       4           1000.0000
    4904       4           1000.0000
    4905       4           1000.0000
    4906       4           1000.0000
    4907       4           1000.0000
    4908       4           1000.0000
    4909       4           1000.0000
    4910       4           1000.0000
    4911       4           1000.0000
    4912       4           1000.0000
    4913       4           1000.0000
    4914       4           1000.0000
    4978       4           1000.0000
    4979       4           1000.0000
    4980       4           1000.0000
    4981       4           1000.0000
    4982       4           1000.0000
    4983       4           1000.0000
    4984       4           1000.0000
    4985       4           1000.0000
    4986       4           1000.0000
    4987       4           1000.0000
    4988       4           1000.0000
    4989       4           1000.0000
    4990       4           1000.0000
    4991       4           1000.0000
    4992       4           1000.0000
    4993       4           1000.0000
    4994       4           1000.0000
    4995       4           1000.0000
    4996       4           1000.0000
    4997       4           1000.0000
    4998       4           1000.0000
    4999       4           1000.0000
    5000       4           1000.0000
    5001       4           1000.0000
    5002       4           1000.0000
    5003       4           1000.0000
    5004       4           1000.0000
    5005       4           1000.0000
    5006       4           1000.0000
    5007       4           1000.0000
    5008       4           1000.0000
    5009       4           1000.0000
    5010       4           1000.0000
    5011       4           1000.0000
    5012       4           1000.0000
    5013       4           1000.0000
    5014       4           1000.0000
    5015       4           1000.0000
    5016       4           1000.0000
    5017       4           1000.0000
    5018       4           1000.0000
    5019       4           1000.0000
    5020       4           1000.0000
    5021       4           1000.0000
    5022       4           1000.0000
    5023       4           1000.0000
    5024       4           1000.0000
    5025       4           1000.0000
    5026       4           1000.0000
    5027       4           1000.0000
    5028       4           1000.0000
    5029       4           1000.0000
    5030       4           1000.0000
    5031       4           1000.0000
    5032       4           1000.0000
    5033       4           1000.0000
    5034       4           1000.0000
    5035       4           1000.0000
    5036       4           1000.0000
    5037       4           1000.0000
    5038       4           1000.0000
    5039       4           1000.0000
    5040       4           1000.0000
