		       1       1      0.000
		       1       2      0.000
		       4       1      0.000
		       4       2      0.000
		     206       1      0.000
		     206       2      0.000
		     207       1      0.000
		     207       2      0.000
		     208       1      0.000
		     208       2      0.000
		     209       1      0.000
		     209       2      0.000
		     210       1      0.000
		     210       2      0.000
		     211       1      0.000
		     211       2      0.000
		     212       1      0.000
		     212       2      0.000
		     213       1      0.000
		     213       2      0.000
		     214       1      0.000
		     214       2      0.000
		     215       1      0.000
		     215       2      0.000
		     216       1      0.000
		     216       2      0.000
		     217       1      0.000
		     217       2      0.000
		     218       1      0.000
		     218       2      0.000
		     219       1      0.000
		     219       2      0.000
		     220       1      0.000
		     220       2      0.000
		     221       1      0.000
		     221       2      0.000
		     222       1      0.000
		     222       2      0.000
		     223       1      0.000
		     223       2      0.000
		     224       1      0.000
		     224       2      0.000
		     225       1      0.000
		     225       2      0.000
		     226       1      0.000
		     226       2      0.000
		     227       1      0.000
		     227       2      0.000
		     228       1      0.000
		     228       2      0.000
		     229       1      0.000
		     229       2      0.000
		     230       1      0.000
		     230       2      0.000
		     231       1      0.000
		     231       2      0.000
		     232       1      0.000
		     232       2      0.000
		     233       1      0.000
		     233       2      0.000
		     234       1      0.000
		     234       2      0.000
		     235       1      0.000
		     235       2      0.000
		     236       1      0.000
		     236       2      0.000
		     237       1      0.000
		     237       2      0.000
		     238       1      0.000
		     238       2      0.000
		     239       1      0.000
		     239       2      0.000
		     240       1      0.000
		     240       2      0.000
		     241       1      0.000
		     241       2      0.000
		     242       1      0.000
		     242       2      0.000
		     243       1      0.000
		     243       2      0.000
		     244       1      0.000
		     244       2      0.000
