		       1       1      0.000
		       1       2      0.000
		       4       1      0.000
		       4       2      0.000
		     106       1      0.000
		     106       2      0.000
		     107       1      0.000
		     107       2      0.000
		     108       1      0.000
		     108       2      0.000
		     109       1      0.000
		     109       2      0.000
		     110       1      0.000
		     110       2      0.000
		     111       1      0.000
		     111       2      0.000
		     112       1      0.000
		     112       2      0.000
		     113       1      0.000
		     113       2      0.000
		     114       1      0.000
		     114       2      0.000
		     115       1      0.000
		     115       2      0.000
		     116       1      0.000
		     116       2      0.000
		     117       1      0.000
		     117       2      0.000
		     118       1      0.000
		     118       2      0.000
		     119       1      0.000
		     119       2      0.000
		     120       1      0.000
		     120       2      0.000
		     121       1      0.000
		     121       2      0.000
		     122       1      0.000
		     122       2      0.000
		     123       1      0.000
		     123       2      0.000
		     124       1      0.000
		     124       2      0.000
