1           -2.00000000000000        -1.00000000000000         0.00000000000000    
2            2.00000000000000        -1.00000000000000         0.00000000000000    
3            2.00000000000000         1.00000000000000         0.00000000000000    
4           -2.00000000000000         1.00000000000000         0.00000000000000    
5           0.500000000000000         0.00000000000000         0.00000000000000    
6            0.00000000000000        0.500000000000000         0.00000000000000    
7          -0.500000000000000         0.00000000000000         0.00000000000000    
8            0.00000000000000       -0.500000000000000         0.00000000000000    
9           -1.90000000000000        -1.00000000000000         0.00000000000000    
10          -1.80000000000000        -1.00000000000000         0.00000000000000    
11          -1.70000000000000        -1.00000000000000         0.00000000000000    
12          -1.60000000000000        -1.00000000000000         0.00000000000000    
13          -1.50000000000000        -1.00000000000000         0.00000000000000    
14          -1.40000000000000        -1.00000000000000         0.00000000000000    
15          -1.30000000000000        -1.00000000000000         0.00000000000000    
16          -1.20000000000000        -1.00000000000000         0.00000000000000    
17          -1.10000000000000        -1.00000000000000         0.00000000000000    
18          -1.00000000000000        -1.00000000000000         0.00000000000000    
19         -0.900000000000001        -1.00000000000000         0.00000000000000    
20         -0.800000000000001        -1.00000000000000         0.00000000000000    
21         -0.700000000000001        -1.00000000000000         0.00000000000000    
22         -0.600000000000001        -1.00000000000000         0.00000000000000    
23         -0.500000000000001        -1.00000000000000         0.00000000000000    
24         -0.400000000000001        -1.00000000000000         0.00000000000000    
25         -0.300000000000001        -1.00000000000000         0.00000000000000    
26         -0.200000000000001        -1.00000000000000         0.00000000000000    
27         -0.100000000000001        -1.00000000000000         0.00000000000000    
28         -0.888178419700125E-15    -1.00000000000000         0.00000000000000    
29          0.999999999999992E-01    -1.00000000000000         0.00000000000000    
30          0.199999999999999        -1.00000000000000         0.00000000000000    
31          0.299999999999999        -1.00000000000000         0.00000000000000    
32          0.399999999999999        -1.00000000000000         0.00000000000000    
33          0.499999999999999        -1.00000000000000         0.00000000000000    
34          0.599999999999999        -1.00000000000000         0.00000000000000    
35          0.699999999999999        -1.00000000000000         0.00000000000000    
36          0.799999999999999        -1.00000000000000         0.00000000000000    
37          0.899999999999999        -1.00000000000000         0.00000000000000    
38           1.00000000000000        -1.00000000000000         0.00000000000000    
39           1.10000000000000        -1.00000000000000         0.00000000000000    
40           1.20000000000000        -1.00000000000000         0.00000000000000    
41           1.30000000000000        -1.00000000000000         0.00000000000000    
42           1.40000000000000        -1.00000000000000         0.00000000000000    
43           1.50000000000000        -1.00000000000000         0.00000000000000    
44           1.60000000000000        -1.00000000000000         0.00000000000000    
45           1.70000000000000        -1.00000000000000         0.00000000000000    
46           1.80000000000000        -1.00000000000000         0.00000000000000    
47           1.90000000000000        -1.00000000000000         0.00000000000000    
48           2.00000000000000       -0.900000000000000         0.00000000000000    
49           2.00000000000000       -0.800000000000000         0.00000000000000    
50           2.00000000000000       -0.700000000000000         0.00000000000000    
51           2.00000000000000       -0.600000000000001         0.00000000000000    
52           2.00000000000000       -0.500000000000001         0.00000000000000    
53           2.00000000000000       -0.400000000000001         0.00000000000000    
54           2.00000000000000       -0.300000000000001         0.00000000000000    
55           2.00000000000000       -0.200000000000001         0.00000000000000    
56           2.00000000000000       -0.100000000000001         0.00000000000000    
57           2.00000000000000       -0.444089209850063E-15     0.00000000000000    
58           2.00000000000000        0.100000000000000         0.00000000000000    
59           2.00000000000000        0.200000000000000         0.00000000000000    
60           2.00000000000000        0.300000000000000         0.00000000000000    
61           2.00000000000000        0.400000000000000         0.00000000000000    
62           2.00000000000000        0.500000000000000         0.00000000000000    
63           2.00000000000000        0.600000000000000         0.00000000000000    
64           2.00000000000000        0.700000000000000         0.00000000000000    
65           2.00000000000000        0.800000000000000         0.00000000000000    
66           2.00000000000000        0.900000000000000         0.00000000000000    
67           1.90000000000000         1.00000000000000         0.00000000000000    
68           1.80000000000000         1.00000000000000         0.00000000000000    
69           1.70000000000000         1.00000000000000         0.00000000000000    
70           1.60000000000000         1.00000000000000         0.00000000000000    
71           1.50000000000000         1.00000000000000         0.00000000000000    
72           1.40000000000000         1.00000000000000         0.00000000000000    
73           1.30000000000000         1.00000000000000         0.00000000000000    
74           1.20000000000000         1.00000000000000         0.00000000000000    
75           1.10000000000000         1.00000000000000         0.00000000000000    
76           1.00000000000000         1.00000000000000         0.00000000000000    
77          0.900000000000001         1.00000000000000         0.00000000000000    
78          0.800000000000001         1.00000000000000         0.00000000000000    
79          0.700000000000001         1.00000000000000         0.00000000000000    
80          0.600000000000001         1.00000000000000         0.00000000000000    
81          0.500000000000001         1.00000000000000         0.00000000000000    
82          0.400000000000001         1.00000000000000         0.00000000000000    
83          0.300000000000001         1.00000000000000         0.00000000000000    
84          0.200000000000001         1.00000000000000         0.00000000000000    
85          0.100000000000001         1.00000000000000         0.00000000000000    
86          0.888178419700125E-15     1.00000000000000         0.00000000000000    
87         -0.999999999999992E-01     1.00000000000000         0.00000000000000    
88         -0.199999999999999         1.00000000000000         0.00000000000000    
89         -0.299999999999999         1.00000000000000         0.00000000000000    
90         -0.399999999999999         1.00000000000000         0.00000000000000    
91         -0.499999999999999         1.00000000000000         0.00000000000000    
92         -0.599999999999999         1.00000000000000         0.00000000000000    
93         -0.699999999999999         1.00000000000000         0.00000000000000    
94         -0.799999999999999         1.00000000000000         0.00000000000000    
95         -0.899999999999999         1.00000000000000         0.00000000000000    
96          -1.00000000000000         1.00000000000000         0.00000000000000    
97          -1.10000000000000         1.00000000000000         0.00000000000000    
98          -1.20000000000000         1.00000000000000         0.00000000000000    
99          -1.30000000000000         1.00000000000000         0.00000000000000    
100         -1.40000000000000         1.00000000000000         0.00000000000000    
101         -1.50000000000000         1.00000000000000         0.00000000000000    
102         -1.60000000000000         1.00000000000000         0.00000000000000    
103         -1.70000000000000         1.00000000000000         0.00000000000000    
104         -1.80000000000000         1.00000000000000         0.00000000000000    
105         -1.90000000000000         1.00000000000000         0.00000000000000    
106         -2.00000000000000        0.900000000000000         0.00000000000000    
107         -2.00000000000000        0.800000000000000         0.00000000000000    
108         -2.00000000000000        0.700000000000000         0.00000000000000    
109         -2.00000000000000        0.600000000000001         0.00000000000000    
110         -2.00000000000000        0.500000000000001         0.00000000000000    
111         -2.00000000000000        0.400000000000001         0.00000000000000    
112         -2.00000000000000        0.300000000000001         0.00000000000000    
113         -2.00000000000000        0.200000000000001         0.00000000000000    
114         -2.00000000000000        0.100000000000001         0.00000000000000    
115         -2.00000000000000        0.444089209850063E-15     0.00000000000000    
116         -2.00000000000000       -0.100000000000000         0.00000000000000    
117         -2.00000000000000       -0.200000000000000         0.00000000000000    
118         -2.00000000000000       -0.300000000000000         0.00000000000000    
119         -2.00000000000000       -0.400000000000000         0.00000000000000    
120         -2.00000000000000       -0.500000000000000         0.00000000000000    
121         -2.00000000000000       -0.600000000000000         0.00000000000000    
122         -2.00000000000000       -0.700000000000000         0.00000000000000    
123         -2.00000000000000       -0.800000000000000         0.00000000000000    
124         -2.00000000000000       -0.900000000000000         0.00000000000000    
125         0.491431465942276        0.921689442373406E-01     0.00000000000000    
126         0.466019542876046        0.181178877515015         0.00000000000000    
127         0.420735492211943        0.270151153233100         0.00000000000000    
128         0.358678045245057        0.348353354884354         0.00000000000000    
129         0.282321236414678        0.412667807648340         0.00000000000000    
130         0.194709170896953        0.460530497110258         0.00000000000000    
131         0.993346651901511E-01    0.490033288962659         0.00000000000000    
132        -0.921689442373406E-01    0.491431465942276         0.00000000000000    
133        -0.181178877515015        0.466019542876046         0.00000000000000    
134        -0.270151153233100        0.420735492211943         0.00000000000000    
135        -0.348353354884354        0.358678045245057         0.00000000000000    
136        -0.412667807648340        0.282321236414678         0.00000000000000    
137        -0.460530497110258        0.194709170896953         0.00000000000000    
138        -0.490033288962659        0.993346651901511E-01     0.00000000000000    
139        -0.491431465942276       -0.921689442373406E-01     0.00000000000000    
140        -0.466019542876046       -0.181178877515015         0.00000000000000    
141        -0.420735492211943       -0.270151153233100         0.00000000000000    
142        -0.358678045245057       -0.348353354884354         0.00000000000000    
143        -0.282321236414678       -0.412667807648340         0.00000000000000    
144        -0.194709170896953       -0.460530497110258         0.00000000000000    
145        -0.993346651901511E-01   -0.490033288962659         0.00000000000000    
146         0.921689442373406E-01   -0.491431465942276         0.00000000000000    
147         0.181178877515015       -0.466019542876046         0.00000000000000    
148         0.270151153233100       -0.420735492211943         0.00000000000000    
149         0.348353354884354       -0.358678045245057         0.00000000000000    
150         0.412667807648340       -0.282321236414678         0.00000000000000    
151         0.460530497110258       -0.194709170896953         0.00000000000000    
152         0.490033288962659       -0.993346651901511E-01     0.00000000000000    
153          1.18963457797365        0.108846777293819         0.00000000000000    
154          1.07967200307001        0.813164430506479E-01     0.00000000000000    
155          1.29201628441835        0.245867318555906E-01     0.00000000000000    
156          1.22572751316732        0.175755331898433         0.00000000000000    
157          1.18966502694110       -0.664068715804606E-01     0.00000000000000    
158         -1.23189790218251       -0.163904014530743         0.00000000000000    
159         -1.22086549682303        0.127441979588215         0.00000000000000    
160         -1.20742460569044        0.226510511850016         0.00000000000000    
161          1.09175484245098       -0.184400160840521E-01     0.00000000000000    
162          1.17894244586697       -0.126841014731447         0.00000000000000    
163         -1.23798334638589        0.314672695349582E-01     0.00000000000000    
164         -1.15541102122809       -0.598197656887787E-01     0.00000000000000    
165         -1.14371095235538       -0.150147270117231         0.00000000000000    
166          1.09518964805838       -0.209712641442276         0.00000000000000    
167          1.15630974610987       -0.213504942886791         0.00000000000000    
168         -1.30291618650916        0.252934019689835         0.00000000000000    
169         -1.30513895220573        0.148672058612949         0.00000000000000    
170         -1.31511137441912        0.483526507612601E-01     0.00000000000000    
171         -1.23757877976621       -0.696307111638799E-01     0.00000000000000    
172         -1.31668242178802       -0.155273764613033         0.00000000000000    
173         -1.13244947874445        0.746157800596982E-01     0.00000000000000    
174         -1.05585116555377       -0.105700040060472         0.00000000000000    
175          1.04176658472601       -0.109614020928860         0.00000000000000    
176         -1.00989277996095        0.107780312406005         0.00000000000000    
177         -1.17427977617720        0.157631814012873E-01     0.00000000000000    
178         0.966627834674267       -0.149294889870801         0.00000000000000    
179         -1.23335424815370       -0.264881206272865         0.00000000000000    
180         -1.04784586408202       -0.226922130421638         0.00000000000000    
181        -0.952488938432748       -0.192220016044852         0.00000000000000    
182          1.28599499655027       -0.626171845010626E-01     0.00000000000000    
183          1.39223223695876       -0.323710925172665E-01     0.00000000000000    
184          1.40716635450157        0.137015588693182         0.00000000000000    
185          1.29730252071451        0.215551720398522         0.00000000000000    
186          1.37671716429823        0.311673066367599         0.00000000000000    
187          1.25358432094302        0.387243550079305         0.00000000000000    
188         -1.20473984714586        0.336165041501033         0.00000000000000    
189         -1.39698609306179        0.268291717208780         0.00000000000000    
190         -1.39615854823965        0.639152283388494E-01     0.00000000000000    
191         -1.31678041511388       -0.549538063276536E-01     0.00000000000000    
192         -1.39932003713184       -0.138648700887994         0.00000000000000    
193         -1.31854316645518       -0.257744031363204         0.00000000000000    
194         -1.41202035109383       -0.331994348292307         0.00000000000000    
195         -1.01730020365600        0.277100722508380         0.00000000000000    
196        -0.851958649572291       -0.165487656693489         0.00000000000000    
197        -0.900517863366862        0.132119261244920         0.00000000000000    
198        -0.863810239774844       -0.112319553581654E-01     0.00000000000000    
199        -0.843379299314674       -0.296488410019921         0.00000000000000    
200         0.882451412056065        0.391851141024002         0.00000000000000    
201         0.962117562037102        0.201022867666217         0.00000000000000    
202         -1.37627138909142       -0.478793103538998         0.00000000000000    
203         -1.24828089129477       -0.376204021262605         0.00000000000000    
204         -1.15020533970845       -0.364379294003796         0.00000000000000    
205         -1.05078984133963       -0.344327628222917         0.00000000000000    
206        -0.949845297565589       -0.319520303701807         0.00000000000000    
207         0.898151390671732       -0.343022955086490         0.00000000000000    
208         0.999573325107781       -0.378040766084410         0.00000000000000    
209          1.10122415203762       -0.398250719241911         0.00000000000000    
210          1.19838982203194       -0.399925977684243         0.00000000000000    
211          1.29812507798692       -0.392835898829370         0.00000000000000    
212          1.49044717812505       -0.481351126494124         0.00000000000000    
213          1.47464951643380       -0.267880147401723         0.00000000000000    
214          1.38240310270619       -0.129016469761227         0.00000000000000    
215          1.49020887614773       -0.635346487171738E-01     0.00000000000000    
216          1.40336224047071        0.521082421401110E-01     0.00000000000000    
217          1.49675426530192        0.127857575130750         0.00000000000000    
218          1.39300092832604        0.225125290645402         0.00000000000000    
219          1.48217648479084        0.314750529906479         0.00000000000000    
220          1.36735066146293        0.400261287932058         0.00000000000000    
221          1.47481655178627        0.502170993030779         0.00000000000000    
222          1.26150758798568        0.484704988324416         0.00000000000000    
223          1.12699119108141        0.364705143468823         0.00000000000000    
224          1.06207630324925        0.480035385783648         0.00000000000000    
225         0.959517385794419        0.414893257804718         0.00000000000000    
226         0.874260507041573        0.493523331814421         0.00000000000000    
227        -0.936915779576822        0.285266577652691         0.00000000000000    
228         -1.02426904591418        0.422965627773434         0.00000000000000    
229         -1.10825680481247        0.304755983032899         0.00000000000000    
230         -1.20641126911094        0.451566905726380         0.00000000000000    
231         -1.30188843711186        0.358689384621250         0.00000000000000    
232         -1.49985448982061        0.482338958610443         0.00000000000000    
233         -1.39945925898968        0.371547520579786         0.00000000000000    
234         -1.49403975180597        0.276263772804753         0.00000000000000    
235         -1.39537384809175        0.165201241531344         0.00000000000000    
236         -1.49177669745363        0.727668838265532E-01     0.00000000000000    
237         -1.39826720728894       -0.377314446871265E-01     0.00000000000000    
238         -1.49430172142149       -0.127634671514070         0.00000000000000    
239         -1.39981103293483       -0.237182137901104         0.00000000000000    
240         -1.50402632389863       -0.318566979178952         0.00000000000000    
241         -1.43224234659566       -0.407862659582985         0.00000000000000    
242        -0.729149177593415       -0.273450887931213         0.00000000000000    
243         0.978326683483799        0.940327515629605E-01     0.00000000000000    
244         0.793152802424561       -0.302642082914248         0.00000000000000    
245        -0.856136833169940        0.446050082923219         0.00000000000000    
246         -1.26694628287409       -0.482517895584649         0.00000000000000    
247         -1.16394229870787       -0.477177133651775         0.00000000000000    
248         -1.06134000484715       -0.463709108922850         0.00000000000000    
249        -0.957846338666067       -0.445145222496413         0.00000000000000    
250        -0.853122227705047       -0.426290968907728         0.00000000000000    
251        -0.746454266436762       -0.412398903225159         0.00000000000000    
252         0.799742597538221       -0.431697752298622         0.00000000000000    
253         0.899155765373536       -0.456444083293968         0.00000000000000    
254          1.00165794302869       -0.479605977012238         0.00000000000000    
255          1.10130365975939       -0.492265171449124         0.00000000000000    
256          1.20305108793123       -0.496227901244064         0.00000000000000    
257          1.30300415711816       -0.493234722406262         0.00000000000000    
258          1.39645309190970       -0.485122403400600         0.00000000000000    
259          1.48008883500621       -0.371630078329494         0.00000000000000    
260          1.48052623372992       -0.163619877005460         0.00000000000000    
261          1.49752586331588        0.331615170395008E-01     0.00000000000000    
262          1.49027851281265        0.221814228037615         0.00000000000000    
263          1.47612992121912        0.407197670279632         0.00000000000000    
264          1.36883153934029        0.495145420471854         0.00000000000000    
265          1.15578099071607        0.475779428804230         0.00000000000000    
266         0.969651839577659        0.493054988527003         0.00000000000000    
267         0.781200147290648        0.489436728531382         0.00000000000000    
268        -0.939007926556940        0.426453170812576         0.00000000000000    
269         -1.11300741902773        0.433908361741699         0.00000000000000    
270         -1.30314341486437        0.465364049478650         0.00000000000000    
271         -1.40197245124876        0.476389949280366         0.00000000000000    
272         -1.49678692798403        0.379004234869787         0.00000000000000    
273         -1.49274215580099        0.173694126830581         0.00000000000000    
274         -1.49257756707026       -0.277897803348823E-01     0.00000000000000    
275         -1.49766199370012       -0.224672623205129         0.00000000000000    
276         -1.50139618145602       -0.417247746034000         0.00000000000000    
277         -1.48942315589405       -0.510427997746791         0.00000000000000    
278         0.788439436968120        0.388897942298870         0.00000000000000    
279         0.683007218318943        0.487953077355422         0.00000000000000    
280        -0.772827339805884        0.474005452269075         0.00000000000000    
281        -0.854111963714065        0.313496880910382         0.00000000000000    
282        -0.808367950453792        0.175620746050649         0.00000000000000    
283        -0.740017523923995        0.350045550734170E-01     0.00000000000000    
284        -0.647760856302009       -0.418332971039977         0.00000000000000    
285         0.711671637804493       -0.431002681850572         0.00000000000000    
286         0.853905056460512        0.190230517503586         0.00000000000000    
287          1.00451510109903       -0.637063976803553E-02     0.00000000000000    
288        -0.686842355426112        0.501275050250885         0.00000000000000    
289        -0.773191968259617        0.371451181334206         0.00000000000000    
290         0.632230451282673       -0.474679651071642         0.00000000000000    
291         0.670154417930460       -0.264964957359976         0.00000000000000    
292         -1.58866854281089       -0.608871486607758         0.00000000000000    
293         -1.48116441591213       -0.602020024727886         0.00000000000000    
294         -1.37964346872097       -0.591094490289284         0.00000000000000    
295         -1.27807569921583       -0.586406573692757         0.00000000000000    
296         -1.17475742348484       -0.582312083781555         0.00000000000000    
297         -1.07289963949019       -0.578036580475335         0.00000000000000    
298        -0.970377668755226       -0.565905369493452         0.00000000000000    
299        -0.868680627284010       -0.553123946343037         0.00000000000000    
300        -0.772596540597035       -0.552390504693663         0.00000000000000    
301        -0.676245756382626       -0.555090181432541         0.00000000000000    
302        -0.580697939822188       -0.568169127487902         0.00000000000000    
303         0.548740882689013       -0.603852968229248         0.00000000000000    
304         0.636514283956220       -0.584774228387549         0.00000000000000    
305         0.722672353758475       -0.566638769804628         0.00000000000000    
306         0.811358811883672       -0.563837151634951         0.00000000000000    
307         0.905855991747693       -0.573371815652409         0.00000000000000    
308          1.00257175555681       -0.583344761900019         0.00000000000000    
309          1.10356169002879       -0.592216186696570         0.00000000000000    
310          1.20410059129058       -0.595254064687309         0.00000000000000    
311          1.30359094972235       -0.594277446500927         0.00000000000000    
312          1.39878502618195       -0.590310691203809         0.00000000000000    
313          1.49454181831908       -0.587302105834246         0.00000000000000    
314          1.59314305420135       -0.586521201250731         0.00000000000000    
315          1.58903708744233       -0.481519498669318         0.00000000000000    
316          1.58520921657972       -0.378738626553433         0.00000000000000    
317          1.58274973490934       -0.277254584198606         0.00000000000000    
318          1.58437198278650       -0.177256136231573         0.00000000000000    
319          1.58851890731803       -0.774897626782698E-01     0.00000000000000    
320          1.59117670436369        0.220821879463313E-01     0.00000000000000    
321          1.59137551323227        0.120480917047048         0.00000000000000    
322          1.58891040207015        0.217728722184997         0.00000000000000    
323          1.58457298472752        0.313472263638626         0.00000000000000    
324          1.58074388318957        0.408684636814060         0.00000000000000    
325          1.57990105139855        0.505747216055041         0.00000000000000    
326          1.58191853465420        0.603771011885644         0.00000000000000    
327          1.58380273882020        0.701943966321440         0.00000000000000    
328          1.47796005060065        0.599913671212523         0.00000000000000    
329          1.37428080331834        0.594619985467489         0.00000000000000    
330          1.27187615049752        0.588090373759280         0.00000000000000    
331          1.17260422679398        0.584191233408643         0.00000000000000    
332          1.07448002283712        0.586011388411881         0.00000000000000    
333         0.976658155993319        0.588972212249466         0.00000000000000    
334         0.877851964856378        0.587903206742652         0.00000000000000    
335         0.780139511112275        0.590184891586731         0.00000000000000    
336         0.681846415920297        0.587431539862355         0.00000000000000    
337         0.583920996396460        0.587118847020789         0.00000000000000    
338        -0.661013114112717        0.587574618181212         0.00000000000000    
339        -0.755787269208930        0.584096424689332         0.00000000000000    
340        -0.846506124879867        0.569894736611135         0.00000000000000    
341        -0.935460031593870        0.558050570523104         0.00000000000000    
342         -1.02396448014034        0.552893243329140         0.00000000000000    
343         -1.11503429654760        0.557447135704418         0.00000000000000    
344         -1.20902196683739        0.566409292332995         0.00000000000000    
345         -1.30567622715501        0.575165252640572         0.00000000000000    
346         -1.40394301051916        0.581740034446982         0.00000000000000    
347         -1.50322854794953        0.586698563189565         0.00000000000000    
348         -1.60190944057466        0.588431477349504         0.00000000000000    
349         -1.59847375497766        0.485261009982164         0.00000000000000    
350         -1.59414767333577        0.383245835686924         0.00000000000000    
351         -1.59161904317247        0.280753555261118         0.00000000000000    
352         -1.58967437192363        0.179499560524505         0.00000000000000    
353         -1.58963703287247        0.790338016889822E-01     0.00000000000000    
354         -1.59015318097787       -0.209261067982996E-01     0.00000000000000    
355         -1.59073800361530       -0.120108313701589         0.00000000000000    
356         -1.59263500354056       -0.218665854898082         0.00000000000000    
357         -1.59366579380117       -0.318002997420660         0.00000000000000    
358         -1.59027269518867       -0.417722439993430         0.00000000000000    
359         -1.59177016900322       -0.513443180071565         0.00000000000000    
360         0.693947651076595        0.388947003258050         0.00000000000000    
361         0.580943528942416        0.483784173795875         0.00000000000000    
362         0.486105836642642        0.590449830165083         0.00000000000000    
363        -0.481199485455645        0.532890768086618         0.00000000000000    
364        -0.604525873897188        0.467598840727567         0.00000000000000    
365        -0.652382622641773        0.368192199071614         0.00000000000000    
366        -0.557020499294880       -0.453732218603133         0.00000000000000    
367        -0.487064513460472       -0.591057401825142         0.00000000000000    
368         0.459475254792803       -0.608803716135142         0.00000000000000    
369         0.551056896586757       -0.505725396308204         0.00000000000000    
370         0.584552116169377       -0.342133692203389         0.00000000000000    
371         -1.58988185317300       -0.705791420239964         0.00000000000000    
372         -1.48752440578510       -0.701452294982457         0.00000000000000    
373         -1.38613399160556       -0.697394034127567         0.00000000000000    
374         -1.28514563718088       -0.693871561569652         0.00000000000000    
375         -1.18364033592001       -0.690014744400272         0.00000000000000    
376         -1.08166594589106       -0.684249441795555         0.00000000000000    
377        -0.980152734632804       -0.676706262958479         0.00000000000000    
378        -0.880844739682279       -0.670661901577139         0.00000000000000    
379        -0.782707344817878       -0.668863594134406         0.00000000000000    
380        -0.685743577636873       -0.671857241932565         0.00000000000000    
381        -0.589370387420909       -0.680673792794671         0.00000000000000    
382        -0.488819489649851       -0.691338319158444         0.00000000000000    
383        -0.377187973645836       -0.680955717700054         0.00000000000000    
384        -0.163410995861783       -0.673288928553442         0.00000000000000    
385         0.343835684679926       -0.681566818181955         0.00000000000000    
386         0.437162290323600       -0.698355622713602         0.00000000000000    
387         0.533104565796898       -0.701220032673347         0.00000000000000    
388         0.628078993905443       -0.693622572946752         0.00000000000000    
389         0.720750478220091       -0.684779620403920         0.00000000000000    
390         0.812629776156574       -0.682566050825263         0.00000000000000    
391         0.906961819839453       -0.685766186434267         0.00000000000000    
392          1.00460215081509       -0.690818357686488         0.00000000000000    
393          1.10441042814084       -0.694623845647509         0.00000000000000    
394          1.20433915040591       -0.696293969573202         0.00000000000000    
395          1.30200660995140       -0.695853927913987         0.00000000000000    
396          1.39985935619751       -0.693939842162359         0.00000000000000    
397          1.49728225821607       -0.691608003383038         0.00000000000000    
398          1.59625335521155       -0.690626619215631         0.00000000000000    
399          1.69582711070288       -0.691166875062779         0.00000000000000    
400          1.69476594865071       -0.587697986728931         0.00000000000000    
401          1.69198869019138       -0.485726138484430         0.00000000000000    
402          1.69078052450163       -0.384794867118038         0.00000000000000    
403          1.68835822107337       -0.283624187281828         0.00000000000000    
404          1.68829194229709       -0.183635213784566         0.00000000000000    
405          1.68805291752080       -0.836415651383202E-01     0.00000000000000    
406          1.68737068834271        0.164847816854817E-01     0.00000000000000    
407          1.68687247701683        0.115438019105036         0.00000000000000    
408          1.68765539193212        0.213829989414114         0.00000000000000    
409          1.68636599479655        0.311476160028226         0.00000000000000    
410          1.68497827352692        0.409293673421941         0.00000000000000    
411          1.68506138222969        0.506580607726686         0.00000000000000    
412          1.68589178183860        0.604408751130392         0.00000000000000    
413          1.68787144306143        0.702813820673438         0.00000000000000    
414          1.48246716264367        0.699869467925468         0.00000000000000    
415          1.38078456122802        0.695474729713776         0.00000000000000    
416          1.28050578054119        0.692450566818913         0.00000000000000    
417          1.18108501904019        0.688846919826814         0.00000000000000    
418          1.08162181835304        0.688674842956266         0.00000000000000    
419         0.982179603937832        0.689298924315575         0.00000000000000    
420         0.882932654621892        0.689683141002639         0.00000000000000    
421         0.783395360360447        0.688857434504559         0.00000000000000    
422         0.684168582872925        0.690018655847205         0.00000000000000    
423         0.584452227142026        0.690085562871411         0.00000000000000    
424         0.481759853904252        0.687869273944171         0.00000000000000    
425         0.372777165840596        0.679538243724498         0.00000000000000    
426         0.159417049427284        0.670626439877008         0.00000000000000    
427        -0.357823981627676        0.633556003038737         0.00000000000000    
428        -0.448354955364420        0.652253936946726         0.00000000000000    
429        -0.542039748431564        0.675915061564747         0.00000000000000    
430        -0.639246747512046        0.688313442170593         0.00000000000000    
431        -0.737316175534933        0.688618420002198         0.00000000000000    
432        -0.833145199768346        0.683693938646417         0.00000000000000    
433        -0.926883568137431        0.679682154698274         0.00000000000000    
434         -1.02055908308049        0.674981832431175         0.00000000000000    
435         -1.11475107657520        0.677614650200002         0.00000000000000    
436         -1.21053811791527        0.681585504272121         0.00000000000000    
437         -1.30802833911604        0.685229509218769         0.00000000000000    
438         -1.40616753864762        0.688233720401252         0.00000000000000    
439         -1.50455624058437        0.690287153561351         0.00000000000000    
440         -1.60325922627630        0.691270905209674         0.00000000000000    
441         -1.70224262661297        0.692194478703770         0.00000000000000    
442         -1.70032075219516        0.589503713727479         0.00000000000000    
443         -1.69703178382807        0.487738224278512         0.00000000000000    
444         -1.69315773268258        0.385941280845164         0.00000000000000    
445         -1.69166771792922        0.285290246368276         0.00000000000000    
446         -1.69063520842707        0.184514567770516         0.00000000000000    
447         -1.68854508311309        0.837357748792596E-01     0.00000000000000    
448         -1.68935413781144       -0.160278641842155E-01     0.00000000000000    
449         -1.68861864436828       -0.116098625955270         0.00000000000000    
450         -1.68684578870510       -0.216591578408442         0.00000000000000    
451         -1.68799246729251       -0.315513451768068         0.00000000000000    
452         -1.69212985824742       -0.414068254644340         0.00000000000000    
453         -1.69201725940561       -0.511915342152978         0.00000000000000    
454         -1.69237210108804       -0.609191264626699         0.00000000000000    
455         -1.69239963093447       -0.707282748149702         0.00000000000000    
456         0.589777230577487        0.389187706924642         0.00000000000000    
457         0.488466069511475        0.485358453554548         0.00000000000000    
458         0.380487581025538        0.585945178458709         0.00000000000000    
459         0.264257276556054        0.668539444217890         0.00000000000000    
460         0.490877051755863E-01    0.673634860272552         0.00000000000000    
461        -0.562570682541561E-01    0.668530188589279         0.00000000000000    
462        -0.263319804885698        0.636591233245420         0.00000000000000    
463        -0.533168754039422        0.428488252214700         0.00000000000000    
464        -0.588519218711761        0.316580672092492         0.00000000000000    
465        -0.727901027333247        0.252226379221956         0.00000000000000    
466        -0.732827635238613       -0.132430752621108         0.00000000000000    
467        -0.468374626733202       -0.497590289782871         0.00000000000000    
468        -0.385763735596125       -0.587212337391883         0.00000000000000    
469        -0.268714442777615       -0.670092709862615         0.00000000000000    
470        -0.529249737997925E-01   -0.676821885685677         0.00000000000000    
471         0.536488756461903E-01   -0.673770136870021         0.00000000000000    
472         0.253493341133799       -0.666464228657382         0.00000000000000    
473         0.376059728681353       -0.579988014268205         0.00000000000000    
474         0.480798582610778       -0.533077687695456         0.00000000000000    
475         -1.69478056275367       -0.804457423457921         0.00000000000000    
476         -1.59321129964175       -0.803885252442468         0.00000000000000    
477         -1.49212597477421       -0.802433137179032         0.00000000000000    
478         -1.39176940373745       -0.800353742358081         0.00000000000000    
479         -1.29136190867941       -0.798182382434557         0.00000000000000    
480         -1.19065542327120       -0.795571789882893         0.00000000000000    
481         -1.08955090387746       -0.792050968569091         0.00000000000000    
482        -0.989075022746959       -0.787811214669931         0.00000000000000    
483        -0.889423792932777       -0.784299183765659         0.00000000000000    
484        -0.790773505191713       -0.783129376658248         0.00000000000000    
485        -0.692439840824687       -0.784717385028082         0.00000000000000    
486        -0.593256774273481       -0.789281965452207         0.00000000000000    
487        -0.489218589904527       -0.789768489976783         0.00000000000000    
488        -0.384982052974669       -0.786551174529788         0.00000000000000    
489        -0.279996119547655       -0.781990852376183         0.00000000000000    
490        -0.176176976223030       -0.781446473349508         0.00000000000000    
491        -0.720999907614596E-01   -0.782297801054873         0.00000000000000    
492         0.318117543537624E-01   -0.781869024251697         0.00000000000000    
493         0.132141188335444       -0.780104865888529         0.00000000000000    
494         0.229249893365116       -0.781980924666058         0.00000000000000    
495         0.323886637303497       -0.788921150925114         0.00000000000000    
496         0.421046205550713       -0.796563820867976         0.00000000000000    
497         0.519632791004849       -0.799497668589527         0.00000000000000    
498         0.616966483999212       -0.797592165742871         0.00000000000000    
499         0.713202782473918       -0.794572119799331         0.00000000000000    
500         0.808023038398413       -0.797899221256937         0.00000000000000    
501         0.905851722228025       -0.796352647449796         0.00000000000000    
502          1.00386152037869       -0.798281821081098         0.00000000000000    
503          1.10288771338767       -0.797564786367916         0.00000000000000    
504          1.20196301469261       -0.798441222541816         0.00000000000000    
505          1.30086885367654       -0.797733194689143         0.00000000000000    
506          1.40004781664959       -0.796393197734767         0.00000000000000    
507          1.49920800796949       -0.794984569808537         0.00000000000000    
508          1.59831366042584       -0.793958858569064         0.00000000000000    
509          1.69831485131968       -0.794301797878345         0.00000000000000    
510          1.79830546487870       -0.795020600424666         0.00000000000000    
511          1.79770620126860       -0.692713185022496         0.00000000000000    
512          1.79683189107192       -0.590246922632711         0.00000000000000    
513          1.79571560380918       -0.489537107853370         0.00000000000000    
514          1.79430763010576       -0.388913058298827         0.00000000000000    
515          1.79294824072596       -0.288610636835170         0.00000000000000    
516          1.79245030557975       -0.188551095762322         0.00000000000000    
517          1.79204110788816       -0.876358584188462E-01     0.00000000000000    
518          1.79134165194747        0.114012352601040E-01     0.00000000000000    
519          1.79116648978576        0.111278576961087         0.00000000000000    
520          1.79125139511263        0.210435714824420         0.00000000000000    
521          1.79102454374175        0.308753485731685         0.00000000000000    
522          1.78985123973051        0.407945411729819         0.00000000000000    
523          1.78946556852188        0.506232130237697         0.00000000000000    
524          1.79069740084040        0.603757739126251         0.00000000000000    
525          1.79131015627276        0.702096012257379         0.00000000000000    
526          1.79339427746262        0.800426157544509         0.00000000000000    
527          1.69016021725811        0.800731751723291         0.00000000000000    
528          1.58827339602003        0.800943522171846         0.00000000000000    
529          1.48721869435816        0.799844426252193         0.00000000000000    
530          1.38684516989880        0.797236498172538         0.00000000000000    
531          1.28677105929379        0.794831678813021         0.00000000000000    
532          1.18706444275521        0.792717738586049         0.00000000000000    
533          1.08745212724137        0.792392623832893         0.00000000000000    
534         0.987709844280119        0.792388884527225         0.00000000000000    
535         0.887894768669773        0.792208422850555         0.00000000000000    
536         0.788113062434679        0.792114337876905         0.00000000000000    
537         0.688029231202429        0.792105076180988         0.00000000000000    
538         0.587322190653267        0.791535033644997         0.00000000000000    
539         0.484615758794117        0.789556236315449         0.00000000000000    
540         0.381168105555105        0.785140353639938         0.00000000000000    
541         0.277578902232479        0.781222557154544         0.00000000000000    
542         0.172733342842555        0.779592693056825         0.00000000000000    
543         0.688837524046053E-01    0.779734689923029         0.00000000000000    
544        -0.353152184766151E-01    0.778807468742352         0.00000000000000    
545        -0.138802288305282        0.772047856946420         0.00000000000000    
546        -0.238486726645181        0.764456211045572         0.00000000000000    
547        -0.333736413225411        0.763672482576587         0.00000000000000    
548        -0.426589845490553        0.775537253981500         0.00000000000000    
549        -0.522534512636079        0.786128407445469         0.00000000000000    
550        -0.622635813444243        0.790918500394531         0.00000000000000    
551        -0.721863812254603        0.792712743092855         0.00000000000000    
552        -0.820417547859821        0.791092120953455         0.00000000000000    
553        -0.917482802325519        0.789487417619482         0.00000000000000    
554         -1.01413888555288        0.789191924906254         0.00000000000000    
555         -1.11175256895244        0.792085266147536         0.00000000000000    
556         -1.21099161233528        0.793134524930372         0.00000000000000    
557         -1.30957180073096        0.793673117263031         0.00000000000000    
558         -1.40727239268807        0.794354640625303         0.00000000000000    
559         -1.50495736120340        0.794352842739117         0.00000000000000    
560         -1.60365225659940        0.794619372096355         0.00000000000000    
561         -1.70196702827471        0.794572622311208         0.00000000000000    
562         -1.80135683995232        0.796345408915863         0.00000000000000    
563         -1.80078091254002        0.694348411276819         0.00000000000000    
564         -1.79933742225626        0.592431133084656         0.00000000000000    
565         -1.79693275496810        0.491025772186405         0.00000000000000    
566         -1.79433683499193        0.390245192303498         0.00000000000000    
567         -1.79232060544082        0.289550184494474         0.00000000000000    
568         -1.79112758243679        0.189195437217600         0.00000000000000    
569         -1.79172926455712        0.892571764678808E-01     0.00000000000000    
570         -1.79151258541736       -0.111121959143007E-01     0.00000000000000    
571         -1.79075557126995       -0.111202149344892         0.00000000000000    
572         -1.79134326427417       -0.211097464451091         0.00000000000000    
573         -1.79193322037575       -0.310768594782863         0.00000000000000    
574         -1.79257984279008       -0.410324572791403         0.00000000000000    
575         -1.79381181247045       -0.508837439318188         0.00000000000000    
576         -1.79447968018554       -0.607087683557398         0.00000000000000    
577         -1.79480284234540       -0.705735124703405         0.00000000000000    
578         -1.79630870857155       -0.803611011981160         0.00000000000000    
579         0.594430429117481        0.581456632410175E-01     0.00000000000000    
580         0.622739617060480        0.296242619385293         0.00000000000000    
581         0.458949530646512        0.393559860031195         0.00000000000000    
582         0.401849016861443        0.510647584584065         0.00000000000000    
583         0.259779219406850        0.547516667979507         0.00000000000000    
584        -0.159295825997384        0.658328918429933         0.00000000000000    
585        -0.660397958880231        0.175504666187477         0.00000000000000    
586        -0.599111672265664       -0.267488687953289         0.00000000000000    
587        -0.398286862190986       -0.522993562112998         0.00000000000000    
588        -0.261718812650470       -0.548344010529289         0.00000000000000    
589         0.158926619152114       -0.663624500873520         0.00000000000000    
590         0.433197657413391       -0.489260646147983         0.00000000000000    
591         0.703904126757739       -0.124433280726867         0.00000000000000    
592         -1.79800527229862       -0.900868950672602         0.00000000000000    
593         -1.69745892438366       -0.902075324140283         0.00000000000000    
594         -1.59651509229302       -0.902745311709366         0.00000000000000    
595         -1.49603691356504       -0.902874684444582         0.00000000000000    
596         -1.39634833965668       -0.901831174984982         0.00000000000000    
597         -1.29586072971730       -0.900030693046702         0.00000000000000    
598         -1.19568583199287       -0.898709006719074         0.00000000000000    
599         -1.09538258528289       -0.897074260562433         0.00000000000000    
600        -0.995243434781430       -0.895240149608019         0.00000000000000    
601        -0.895745826201487       -0.893619900043369         0.00000000000000    
602        -0.796761556574319       -0.894266180334085         0.00000000000000    
603        -0.696625658594508       -0.893907265636346         0.00000000000000    
604        -0.596192439584223       -0.895491867194567         0.00000000000000    
605        -0.494687504023624       -0.894847864552605         0.00000000000000    
606        -0.392365393420108       -0.892827913880108         0.00000000000000    
607        -0.290775795531398       -0.891482401868424         0.00000000000000    
608        -0.189158470473745       -0.891011187694850         0.00000000000000    
609        -0.877229614368099E-01   -0.891599205274094         0.00000000000000    
610         0.140717657560144E-01   -0.890595807969749         0.00000000000000    
611         0.113524126804101       -0.891347587973513         0.00000000000000    
612         0.212133634373129       -0.892527710236016         0.00000000000000    
613         0.309908739163432       -0.895149649842367         0.00000000000000    
614         0.408176947579094       -0.898096256410163         0.00000000000000    
615         0.508109931024465       -0.899687849791495         0.00000000000000    
616         0.606808565037515       -0.899802620692265         0.00000000000000    
617         0.705074612456111       -0.899696657714806         0.00000000000000    
618         0.803516061616389       -0.899890733286950         0.00000000000000    
619         0.901797180398851       -0.899762134573269         0.00000000000000    
620          1.00123596173813       -0.899290910321643         0.00000000000000    
621          1.10118959036725       -0.899102042595150         0.00000000000000    
622          1.20063978058565       -0.899150066435229         0.00000000000000    
623          1.30048114692315       -0.898764403257013         0.00000000000000    
624          1.40017858324535       -0.897845356140581         0.00000000000000    
625          1.49976706144097       -0.897650417182357         0.00000000000000    
626          1.59911421303522       -0.896934873429800         0.00000000000000    
627          1.69845014862947       -0.896960315817966         0.00000000000000    
628          1.79876550463621       -0.897703676085077         0.00000000000000    
629          1.89902118533003       -0.898838270958875         0.00000000000000    
630          1.89834924980339       -0.797312652935885         0.00000000000000    
631          1.89829341407608       -0.695790039753613         0.00000000000000    
632          1.89826969375439       -0.595134405904872         0.00000000000000    
633          1.89782656695072       -0.494566741104454         0.00000000000000    
634          1.89724160925566       -0.394256928643718         0.00000000000000    
635          1.89719053378905       -0.294150249552235         0.00000000000000    
636          1.89664261659733       -0.194056291826386         0.00000000000000    
637          1.89616101798920       -0.941591107355196E-01     0.00000000000000    
638          1.89662574345094        0.504508988957320E-02     0.00000000000000    
639          1.89611628743578        0.105164320571431         0.00000000000000    
640          1.89582404676112        0.205256600924200         0.00000000000000    
641          1.89568524994959        0.305520913236483         0.00000000000000    
642          1.89468126810093        0.404554702175423         0.00000000000000    
643          1.89455782827885        0.503390408355590         0.00000000000000    
644          1.89491911056690        0.602248066827047         0.00000000000000    
645          1.89543804611733        0.701550920125461         0.00000000000000    
646          1.89636747802808        0.800131352769845         0.00000000000000    
647          1.89818386022800        0.900282665377483         0.00000000000000    
648          1.79644375253450        0.899833281878516         0.00000000000000    
649          1.69422103743945        0.900122619887636         0.00000000000000    
650          1.59295677073930        0.900535293956964         0.00000000000000    
651          1.49271252605105        0.900311080881964         0.00000000000000    
652          1.39290673053686        0.898273024819455         0.00000000000000    
653          1.29306742134667        0.896824233754866         0.00000000000000    
654          1.19289906962577        0.896338081752255         0.00000000000000    
655          1.09305035454600        0.895754995486034         0.00000000000000    
656         0.993337756363167        0.895492179738939         0.00000000000000    
657         0.892905531802807        0.894719522568345         0.00000000000000    
658         0.793095452177669        0.894475532336899         0.00000000000000    
659         0.693499501132112        0.895474875355990         0.00000000000000    
660         0.593348639516929        0.895328268563493         0.00000000000000    
661         0.491925591687068        0.894136363907227         0.00000000000000    
662         0.390901256150386        0.892428861365945         0.00000000000000    
663         0.288564738676408        0.890558778841756         0.00000000000000    
664         0.187057638764736        0.889859412530446         0.00000000000000    
665         0.850401206494444E-01    0.889517856518954         0.00000000000000    
666        -0.171230859180775E-01    0.888335727122326         0.00000000000000    
667        -0.117556651028137        0.888192871958698         0.00000000000000    
668        -0.217559005176509        0.885123070846728         0.00000000000000    
669        -0.314609615431520        0.884715166449351         0.00000000000000    
670        -0.411135092970125        0.889653339134994         0.00000000000000    
671        -0.509949817274462        0.893147404094041         0.00000000000000    
672        -0.608320719720150        0.897546165485824         0.00000000000000    
673        -0.709470195620357        0.896981980080278         0.00000000000000    
674        -0.809124262721212        0.896959933176191         0.00000000000000    
675        -0.908049498097902        0.896630077832365         0.00000000000000    
676         -1.00665134137900        0.897604048986900         0.00000000000000    
677         -1.10619964662868        0.896989512582002         0.00000000000000    
678         -1.20558486689017        0.895957889748225         0.00000000000000    
679         -1.30477278593799        0.896243306507270         0.00000000000000    
680         -1.40422369092842        0.897021274280824         0.00000000000000    
681         -1.50312419967184        0.897164746344659         0.00000000000000    
682         -1.60263424405519        0.897158081428572         0.00000000000000    
683         -1.70232206862709        0.898020489575140         0.00000000000000    
684         -1.80090380990836        0.898241648726009         0.00000000000000    
685         -1.90089194127560        0.899173725608765         0.00000000000000    
686         -1.90044962017077        0.797889550764334         0.00000000000000    
687         -1.90004257931404        0.696830085989323         0.00000000000000    
688         -1.89948829821238        0.595555340346131         0.00000000000000    
689         -1.89734149617279        0.495269811803075         0.00000000000000    
690         -1.89715657385187        0.394831827625545         0.00000000000000    
691         -1.89620510812515        0.294871450733693         0.00000000000000    
692         -1.89531675148718        0.195261968294091         0.00000000000000    
693         -1.89531593550500        0.948705426211985E-01     0.00000000000000    
694         -1.89540372873524       -0.538868901524842E-02     0.00000000000000    
695         -1.89551927296144       -0.105574650151296         0.00000000000000    
696         -1.89559303369382       -0.205616697802792         0.00000000000000    
697         -1.89562455450921       -0.306007767646476         0.00000000000000    
698         -1.89538982131004       -0.405463722830898         0.00000000000000    
699         -1.89616121971067       -0.504980705939999         0.00000000000000    
700         -1.89674540887981       -0.604031461019011         0.00000000000000    
701         -1.89713896231949       -0.703126113273056         0.00000000000000    
702         -1.89903893896513       -0.900207176417694         0.00000000000000    
703         0.581994495361177       -0.454444594232025E-01     0.00000000000000    
704         0.516776129011954        0.289634141510382         0.00000000000000    
705         0.344602085532549        0.464358996555422         0.00000000000000    
706         0.124725828656306        0.566895054989451         0.00000000000000    
707         0.196905990145911E-01    0.569046661960680         0.00000000000000    
708        -0.803433597596197E-01    0.560016652814979         0.00000000000000    
709        -0.177935259644445        0.540002893150574         0.00000000000000    
710        -0.276990687877719        0.512714428399379         0.00000000000000    
711        -0.393319337947640        0.476190549234054         0.00000000000000    
712        -0.470517346451909        0.354488883924876         0.00000000000000    
713        -0.522054976440075        0.250507118379733         0.00000000000000    
714        -0.570763179654531        0.129418995778335         0.00000000000000    
715        -0.605712470375276        0.579499034625671E-02     0.00000000000000    
716        -0.612699739271275       -0.116654381145121         0.00000000000000    
717        -0.498960379669984       -0.349208228932107         0.00000000000000    
718        -0.416509347915626       -0.416093472595074         0.00000000000000    
719        -0.337690991060248       -0.471161262462240         0.00000000000000    
720        -0.128874704320547       -0.568921084063737         0.00000000000000    
721        -0.217276091203004E-01   -0.572782108472829         0.00000000000000    
722         0.777984562599284E-01   -0.566908351540156         0.00000000000000    
723         0.177427984901529       -0.550817226322941         0.00000000000000    
724         0.296819970784249       -0.524687030282152         0.00000000000000    
725         0.389172209684642       -0.424287558290413         0.00000000000000    
726         0.456742338862055       -0.333423970761788         0.00000000000000    
727         0.508900283873450       -0.243004030079271         0.00000000000000    
728         0.551703544834166       -0.146788407070353         0.00000000000000    
729         -1.89803981891467       -0.801229637313264         0.00000000000000    
730        -0.569526212182360        0.569782303045183         0.00000000000000    
731         0.510259798363846       -0.410584633284292         0.00000000000000    
732          1.38603262450014       -0.372048414186578         0.00000000000000    
733        -0.703923408029607        0.404181880498465         0.00000000000000    
734         -1.33279735554815       -0.363157095218603         0.00000000000000    
735         -1.14258215252155       -0.255477566275862         0.00000000000000    
736        -0.968025544709385       -0.525622819830690E-01     0.00000000000000    
737         -1.07998703083278        0.526808416185628E-02     0.00000000000000    
738         -1.11289246995853        0.185672545583455         0.00000000000000    
739         0.602603473302875        0.158586094004264         0.00000000000000    
740         0.725787048940925        0.296407799733005         0.00000000000000    
741         0.874489746495106       -0.552208793246505E-01     0.00000000000000    
742         0.729489702141674       -0.850314566929355E-02     0.00000000000000    
743         0.828292725961276        0.291620335444416         0.00000000000000    
744         0.742418097777564        0.952975661626653E-01     0.00000000000000    
745         0.820268063575128       -0.183376780307768         0.00000000000000    
746         0.932069830879357        0.298117967749524         0.00000000000000    
747         0.913581993441201       -0.234802828697802         0.00000000000000    
748          1.02636498688690        0.357866550541857         0.00000000000000    
749          1.16018850493344        0.268967354722702         0.00000000000000    
750          1.30330133361393        0.947356929879685E-01     0.00000000000000    
751          1.36234113569515       -0.243115122735779         0.00000000000000    
752          1.27248381258296       -0.288946748162982         0.00000000000000    
753          1.18570857224541       -0.307269222055366         0.00000000000000    
754          1.09800094463796       -0.307472871779667         0.00000000000000    
755          1.00632326821782       -0.286838418081152         0.00000000000000    
756          1.07719918926456        0.206347000798319         0.00000000000000    
757          1.26874279715318        0.298198885445353         0.00000000000000    
758          1.33216881198346        0.148295985045130         0.00000000000000    
759          1.18218540888273        0.218264894500294E-01     0.00000000000000    
760          1.27314213271324       -0.144360749306625         0.00000000000000    
761          1.22960196746626       -0.200711646333753         0.00000000000000    
762          1.02461264165846       -0.215437538375644         0.00000000000000    
763         0.657929922946369        0.217381543698791         0.00000000000000    
764         0.752315622522028        0.201666314774585         0.00000000000000    
765         0.862147947253137        0.779831367923720E-01     0.00000000000000    
766          1.11559084877165       -0.113743884864990         0.00000000000000    
